-176,-0.073140682
-175.7,-0.16995619
-175.4,-0.121928744
-175.1,0.015246429
-174.8,-0.029008444
-174.5,-0.115662852
-174.2,-0.156297585
-173.9,-0.004187892
-173.6,0.005936008
-173.3,-0.180641322
-173,-0.37033605
-172.7,-0.95624041
-172.4,1.05416711
-172.1,0.430989868
-171.8,-0.041130248
-171.5,-1.33292367
-171.2,1.54388935
-170.9,0.200856598
-170.6,0.026217081
-170.3,-0.054550494
-170,-0.142006741
-169.7,-0.625061698
-169.4,0.05862577
-169.1,-0.80150347
-168.8,1.32363607
-168.5,0.298169869
-168.2,0.069948346
-167.9,-0.014583232
-167.6,-0.099206667
-167.3,0.059470156
-167,0.154016986
-166.7,0.136601488
-166.4,0.036317842
-166.1,-0.017192833
-165.8,-0.057989659
-165.5,-0.079206425
-165.2,-0.03243764
-164.9,0.003343419
-164.6,-0.030042504
-164.3,-0.297032791
-164,-0.620150258
-163.7,0.651535167
-163.4,-0.061149761
-163.1,-1.25464371
-162.8,0.87124996
-162.5,-0.64802272
-162.2,0.72582047
-161.9,0.073474057
-161.6,0.011777936
-161.3,0.200908872
-161,0.105519365
-160.7,-0.088969362
-160.4,-0.151824359
-160.1,-0.058872887
-159.8,0.213722612
-159.5,0.144989959
-159.2,-0.028024592
-158.9,-0.253479788
-158.6,-0.663356833
-158.3,0.605085997
-158,0.061739463
-157.7,-0.19311157
-157.4,0.254577806
-157.1,0.408475716
-156.8,0.208125915
-156.5,0.0792061917
-156.2,-0.0303684937
-155.9,-0.028493971
-155.6,-0.017733134
-155.3,0.027921906
-155,0.0504522253
-154.7,0.0513413794
-154.4,0.0120708662
-154.1,-0.029056744
-153.8,-0.0273663595
-153.5,-0.0081144197
-153.2,0.0112088214
-152.9,-0.0249489557
-152.6,-0.0710796274
-152.3,-0.060405251
-152,-0.012127917
-151.7,0.059719961
-151.4,0.043109546
-151.1,0.017113818
-150.8,-0.080530126
-150.5,-0.17654959
-150.2,-0.268696414
-149.9,-0.110271031
-149.6,0.130910334
-149.3,0.136475492
-149,0.097826109
-148.7,0.04513727
-148.4,0.059882345
-148.1,0.095293748
-147.8,0.041809231
-147.5,-0.010193797
-147.2,-0.036278106
-146.9,0.007870556
-146.6,0.016524438
-146.3,0.00710868
-146,0.009129069
-145.7,-0.002085564
-145.4,-0.015723957
-145.1,-0.004388099
-144.8,0.003384905
-144.5,-0.007896053
-144.2,-0.020055797
-143.9,-0.030297082
-143.6,-0.068132027
-143.3,-0.066350757
-143,-0.043387482
-142.7,-0.04785319
-142.4,-0.096493777
-142.1,-0.085155707
-141.8,0.061434616
-141.5,0.096865709
-141.2,0.073157243
-140.9,0.001762414
-140.6,-0.08584918
-140.3,-0.077365842
-140,-0.001608497
-139.7,0.086574157
-139.4,0.081023132
-139.1,0.091687903
-138.8,0.074563159
-138.5,0.030323951
-138.2,-0.049650383
-137.9,-0.064285145
-137.6,-0.02890271
-137.3,-0.128239369
-137,-0.370564316
-136.7,-0.863063312
-136.4,0.26445752
-136.1,0.833767378
-135.8,0.210383276
-135.5,0.068395979
-135.2,-0.058402292
-134.9,-0.151250538
-134.6,-0.373907944
-134.3,-0.051963682
-134,0.259958687
-133.7,0.149107532
-133.4,-0.001740717
-133.1,0.02797772
-132.8,0.125235568
-132.5,0.039833882
-132.2,-0.220338639
-131.9,-0.47448234
-131.6,-0.30342541
-131.3,0.517417365
-131,0.216158868
-130.7,0.030414792
-130.4,0.047771278
-130.1,0.051063171
-129.8,0.087307901
-129.5,0.075169168
-129.2,0.005692451
-128.9,-0.047418583
-128.6,-0.044539596
-128.3,-0.085799867
-128,-0.149140051
-127.7,-0.051778443
-127.4,0.127309592
-127.1,0.090692772
-126.8,-0.019517274
-126.5,-0.005216706
-126.2,0.075616339
-125.9,0.07575407
-125.6,0.066833762
-125.3,0.030060042
-125,0.001540128
-124.7,-0.031268226
-124.4,-0.533094607
-124.1,0.660878459
-123.8,0.239835819
-123.5,-0.0323697079
-123.2,-0.472112757
-122.9,-0.640982819
-122.6,0.475888628
-122.3,-0.023499542
-122,-0.147296461
-121.7,-0.188429039
-121.4,-0.095667846
-121.1,0.137874792
-120.8,0.150878128
-120.5,0.14187922
-120.2,0.191981564
-119.9,0.164086907
-119.6,0.101324983
-119.3,-0.058657544
-119,-0.178678573
-118.7,-0.274277202
-118.4,-0.096254624
-118.1,0.111456204
-117.8,0.041531032
-117.5,0.055330758
-117.2,0.149112958
-116.9,0.140001308
-116.6,0.085795766
-116.3,-0.111443923
-116,-0.302626652
-115.7,-0.345175732
-115.4,-0.08091824
-115.1,-0.74788816
-114.8,0.65074957
-114.5,-0.64888751
-114.2,1.21299567
-113.9,0.244755204
-113.6,0.066886489
-113.3,-0.031030747
-113,-0.058172686
-112.7,-0.036883537
-112.4,-0.032328253
-112.1,-0.040421601
-111.8,-0.057031701
-111.5,-0.01501853
-111.2,0.113932493
-110.9,0.122732311
-110.6,0.080903045
-110.3,-0.185372319
-110,-0.828023198
-109.7,0.273992835
-109.4,-0.499686015
-109.1,0.96020488
-108.8,0.095488425
-108.5,-0.071382365
-108.2,-0.369744335
-107.9,-0.582305985
-107.6,0.458490065
-107.3,0.482263626
-107,0.208902936
-106.7,0.050288219
-106.4,-0.02129962
-106.1,-0.091549729
-105.8,-0.079629771
-105.5,-0.021211868
-105.2,0.072252124
-104.9,-0.021621896
-104.6,-0.233584169
-104.3,-1.02192748
-104,0.929117949
-103.7,-0.436133829
-103.4,0.38748795
-103.1,0.380493672
-102.8,0.086577478
-102.5,0.037211054
-102.2,0.044812805
-101.9,0.036829619
-101.6,0.019688351
-101.3,-0.030206336
-101,-0.065426393
-100.7,-0.088067918
-100.4,-0.212628217
-100.1,-0.915006515
-99.8,0.670545928
-99.5,-0.415426518
-99.2,0.449777636
-98.9,0.074106215
-98.6,-0.269976227
-98.3,0.133560325
-98,0.222079863
-97.7,0.042323659
-97.4,-0.320892918
-97.1,-0.103294733
-96.8,0.391902964
-96.5,0.144345573
-96.2,0.082953153
-95.9,0.035147627
-95.6,-0.035952447
-95.3,-0.281480071
-95,-0.902012859
-94.7,0.793283954
-94.4,-0.025194484
-94.1,-0.3309569
-93.8,0.388455142
-93.5,0.272020275
-93.2,-0.037901407
-92.9,-0.373557086
-92.6,-1.65182375
-92.3,1.18420633
-92,0.31560697
-91.7,-0.0122535
-91.4,0.189598803
-91.1,0.205125273
-90.8,0.219887524
-90.5,0.143599926
-90.2,0.011110901
-89.9,-0.103869405
-89.6,-0.176819699
-89.3,0.022417486
-89,0.112307597
-88.7,0.097768125
-88.4,0.024733652
-88.1,-0.035159617
-87.8,-0.049637728
-87.5,-0.020166841
-87.2,0.05965678
-86.9,0.06514309
-86.6,0.043403214
-86.3,-0.011412582
-86,-0.039753264
-85.7,-0.056197931
-85.4,-0.036149229
-85.1,-0.002173134
-84.8,-0.009936114
-84.5,-0.010622071
-84.2,0.035067706
-83.9,0.067026057
-83.6,0.050956166
-83.3,0.01372269
-83,0.004637012
-82.7,-0.002547019
-82.4,-0.008791601
-82.1,-0.000525094
-81.8,0.020534485
-81.5,0.035294747
-81.2,0.058031465
-80.9,0.0545289647
-80.6,0.0359921348
-80.3,0.00916656177
-80,-0.00739017387
-79.7,-0.0348062062
-79.4,-0.0434069302
-79.1,-0.027864551
-78.8,-0.007327371
-78.5,-0.018108123
-78.2,-0.05413231
-77.9,-0.143684546
-77.6,-0.486782652
-77.3,-0.738999108
-77,0.642112612
-76.7,0.482619733
-76.4,0.144033787
-76.1,0.092306746
-75.8,0.109203649
-75.5,0.0750139472
-75.2,-0.0027778905
-74.9,-0.133907288
-74.6,-0.222766353
-74.3,-0.102221776
-74,0.211713391
-73.7,0.204104519
-73.4,0.099518301
-73.1,0.0255773604
-72.8,-0.0115240593
-72.5,0.0007921344
-72.2,-0.002372949
-71.9,-0.0019704233
-71.6,-0.0701602676
-71.3,-0.0689279505
-71,-0.125326037
-70.7,-0.009204685
-70.4,0.001721197
-70.1,0.065307523
-69.8,0.01518448
-69.5,-0.022265994
-69.2,0.010473115
-68.9,-0.005421598
-68.6,0.0435868
-68.3,0.0246997987
-68,0.0545100671
-67.7,0.0285962846
-67.4,-0.0007248063
-67.1,-0.02958225
-66.8,-0.0275515465
-66.5,-0.0282592186
-66.2,-0.026901639
-65.9,-0.020487345
-65.6,-0.044603404
-65.3,-0.021422715
-65,0.012096572
-64.7,-0.093669144
-64.4,-0.051754518
-64.1,-0.050030714
-63.8,0.024092221
-63.5,-0.039014299
-63.2,0.093707243
-62.9,0.18890715
-62.6,0.0833585846
-62.3,0.0175248251
-62,-0.0799725327
-61.7,0.0156638656
-61.4,-0.0096733966
-61.1,0.0214656158
-60.8,-0.0226263628
-60.5,0.0063038135
-60.2,0.0117961941
-59.9,-0.0361252896
-59.6,-0.166017204
-59.3,0.007942559
-59,0.047795398
-58.7,-0.119790883
-58.4,-1.60848049
-58.1,1.5953608
-57.8,0.040823759
-57.5,-0.189278771
-57.2,-0.198172559
-56.9,-0.489316323
-56.6,0.08112841
-56.3,-0.70239002
-56,1.08155816
-55.7,0.26924831
-55.4,0.189747349
-55.1,0.095620753
-54.8,0.110722599
-54.5,0.0177997819
-54.2,-0.0979372351
-53.9,-0.084923675
-53.6,0.044737975
-53.3,0.109109116
-53,0.0976066485
-52.7,0.0149015365
-52.4,-0.0194757729
-52.1,-0.0615724443
-51.8,-0.0289229832
-51.5,-0.0131450343
-51.2,-0.0111333233
-50.9,-0.021131242
-50.6,-0.018132627
-50.3,-0.099381603
-50,0.015975538
-49.7,0.050702734
-49.4,0.138208076
-49.1,0.0442767434
-48.8,-0.0538694382
-48.5,-0.169210412
-48.2,-0.040516139
-47.9,0.088872703
-47.6,0.0941898887
-47.3,-0.0494708397
-47,-0.16269638
-46.7,-0.071388658
-46.4,0.018422355
-46.1,0.165252242
-45.8,0.075948418
-45.5,-0.018966158
-45.2,-0.12967087
-44.9,-0.086600039
-44.6,-0.017902972
-44.3,0.132317227
-44,0.023043959
-43.7,-0.012941207
-43.4,-0.116043324
-43.1,-0.143243622
-42.8,0.042286084
-42.5,0.199470498
-42.2,0.128758016
-41.9,0.0627377368
-41.6,0.0058032979
-41.3,-0.0102182311
-41,-0.0044216439
-40.7,0.0098724423
-40.4,0.0483183773
-40.1,0.032519252
-39.8,-0.0004422172
-39.5,-0.0265713989
-39.2,0.0027135988
-38.9,0.0068608703
-38.6,-0.0469701633
-38.3,-0.0671977033
-38,-0.293915496
-37.7,-0.026171601
-37.4,0.07895125
-37.1,0.249578685
-36.8,0.006968189
-36.5,-0.169383898
-36.2,-0.170395385
-35.9,-0.017067658
-35.6,-0.097103987
-35.3,0.154331358
-35,0.11360861
-34.7,0.113879452
-34.4,-0.108034835
-34.1,-0.098093893
-33.8,0.086079485
-33.5,0.02045704
-33.2,-0.216825754
-32.9,-0.026412839
-32.6,0.052331861
-32.3,0.230182057
-32,-0.078977301
-31.7,-0.093729623
-31.4,-0.153737447
-31.1,-0.006844114
-30.8,0.097471373
-30.5,0.05560679
-30.2,-0.024643666
-29.9,0.009492057
-29.6,0.032408362
-29.3,0.059608348
-29,-0.150232706
-28.7,-0.554838068
-28.4,-0.70450313
-28.1,0.802052247
-27.8,0.442446306
-27.5,0.121546245
-27.2,0.063971788
-26.9,0.015372365
-26.6,0.038106255
-26.3,-0.055048581
-26,-0.014373538
-25.7,-0.149487898
-25.4,-0.305900047
-25.1,-0.326694142
-24.8,0.193614865
-24.5,-0.862636495
-24.2,1.00845548
-23.9,-0.033601121
-23.6,0.010861645
-23.3,-0.448376619
-23,-0.35315702
-22.7,-0.42065682
-22.4,1.29675102
-22.1,0.375593173
-21.8,0.111697853
-21.5,0.064807425
-21.2,-0.014552674
-20.9,-0.244294556
-20.6,-0.128093203
-20.3,-0.076048383
-20,0.247848035
-19.7,0.015741782
-19.4,0.04104142
-19.1,-0.022209816
-18.8,-0.052583611
-18.5,-0.070936143
-18.2,-0.066551065
-17.9,-0.051775086
-17.6,0.095247983
-17.3,0.161215015
-17,-0.006398038
-16.7,-0.245520815
-16.4,-0.804349028
-16.1,0.10321598
-15.8,0.01878936
-15.5,0.07994889
-15.2,0.26179142
-14.9,-0.81741475
-14.6,0.33786306
-14.3,0.583906699
-14,0.018212876
-13.7,0.212886259
-13.4,0.264726643
-13.1,0.076833798
-12.8,0.02834575
-12.5,-0.038579421
-12.2,0.069378001
-11.9,0.024114764
-11.6,-0.049911057
-11.3,-0.058481482
-11,-0.057799475
-10.7,0.07018343
-10.4,0.022230935
-10.1,-0.006952433
-9.8,0.006451438
-9.5,0.002410343
-9.2,0.063192977
-8.9,-0.260730266
-8.6,-0.517322057
-8.3,-0.293872262
-8,0.637463239
-7.7,0.199679191
-7.4,-0.059667137
-7.1,0.087235909
-6.8,-0.26226385
-6.5,-1.2501128
-6.2,1.17625627
-5.9,-0.668844516
-5.6,0.547463872
-5.3,-0.396499972
-5,-0.40886155
-4.7,0.29929788
-4.4,0.489130652
-4.1,-0.316428272
-3.8,0.01507031
-3.5,0.615222792
-3.2,0.02713252
-2.9,0.128483757
-2.6,-1.13601086
-2.3,-0.67143028
-2,1.30963765
-1.7,-0.614131685
-1.4,0.24124421
-1.1,-0.01291312
-0.8,0.341961029
-0.5,-1.17099913
-0.2,1.89012536
0.1,0.416877227
0.4,0.176791109
0.7,0.020448208
1,0.026193397
1.3,0.015207607
1.6,0.02378729
1.9,-0.044731157
2.2,-0.013583283
2.5,0.008454523
2.8,0.037983907
3.1,0.048283522
3.4,0.009471442
3.7,-0.053944482
4,-0.031760698
4.3,0.045923404
4.6,0.05584062
4.9,0.002883084
5.2,-0.051177707
5.5,-0.057533573
5.8,0.020617925
6.1,0.034148669
6.4,0.045964336
6.7,-0.032053212
7,0.072167923
7.3,0.101233361
7.6,0.073469089
7.9,-0.003406148
8.2,-0.046500096
8.5,-0.063664849
8.8,-0.065793977
9.1,-0.018640806
9.4,-0.014214094
9.7,-0.029800319
10,-0.038328913
10.3,-0.041267873
10.6,0.005271221
10.9,-0.029745319
11.2,0.004518974
11.5,-0.021256682
11.8,-0.015779433
12.1,-0.01651286
12.4,-0.004819029
12.7,-0.022928296
13,-0.027753342
13.3,-0.010201955
13.6,-0.017660457
13.9,-0.037864979
14.2,-0.153660486
14.5,-0.177824034
14.8,0.151760563
15.1,0.128988365
15.4,0.118658126
15.7,-0.059714226
16,-0.010466836
16.3,0.004059643
16.6,0.01012442
16.9,0.02882063
17.2,-0.027972836
17.5,-0.009134129
17.8,-0.029765097
18.1,-0.016607029
18.4,-0.055324914
18.7,-0.050630652
19,-0.034275251
19.3,-0.0285916497
19.6,-0.107754651
19.9,-0.188955554
20.2,-0.117086753
20.5,0.133508322
20.8,0.160488974
21.1,-0.0058135775
21.4,-0.0483821301
21.7,-0.074652286
22,0.06477696
22.3,-0.003913273
22.6,-0.049661468
22.9,-0.134117739
23.2,-0.143296848
23.5,-0.14649548
23.8,0.010607276
24.1,0.152889659
24.4,0.111947568
24.7,0.048288497
25,0.124393756
25.3,0.0869166887
25.6,0.0478147453
25.9,-0.083038426
26.2,-0.097706037
26.5,-0.0182282
26.8,0.042481212
27.1,0.109697023
27.4,0.0519707391
27.7,0.093908392
28,0.0599196551
28.3,0.038382622
28.6,0.01041924
28.9,0.002515042
29.2,0.037410798
29.5,-0.009538975
29.8,-0.043764876
30.1,-0.138506618
30.4,-0.0706651513
30.7,-0.02526212
31,0.0215818523
31.3,-0.0931296361
31.6,-0.049903853
31.9,0.004709924
32.2,-0.0136502
32.5,-0.022127628
32.8,-0.001855295
33.1,0.048907994
33.4,-0.037418663
33.7,-0.06736163
34,-0.077156633
34.3,0.127709778
34.6,0.049928118
34.9,-0.00703031
35.2,-0.093829432
35.5,-0.029449185
35.8,-0.005080302
36.1,-0.027954074
36.4,0.110404116
36.7,0.122951204
37,0.0312236126
37.3,0.003690786
37.6,0.0581740069
37.9,0.0102503369
38.2,-0.062620109
38.5,0.0510902285
38.8,0.0824140282
39.1,0.0580129649
39.4,-0.0784255726
39.7,-0.106651246
40,-0.137240971
40.3,-0.15205959
40.6,-0.112062447
40.9,-0.242010911
41.2,-0.3859286
41.5,-0.5775098
41.8,0.746200536
42.1,0.149848515
42.4,0.229075891
42.7,-0.427338938
43,-0.166180294
43.3,0.17858153
43.6,0.076278858
43.9,-0.116682178
44.2,0.114917024
44.5,-0.423985064
44.8,-0.18012148
45.1,0.35450117
45.4,0.698629278
45.7,0.231343423
46,0.047066973
46.3,-0.2195038
46.6,-0.289146193
46.9,0.21658625
47.2,-0.076925684
47.5,0.059956133
47.8,-0.057203226
48.1,0.092477927
48.4,-0.277230919
48.7,0.166082322
49,0.228427363
49.3,-0.157653614
49.6,-0.533349443
49.9,-0.47230516
50.2,0.28073303
50.5,-0.0404445
