-176,-287.020477
-175.7,-137.551095
-175.4,-11.4687846
-175.1,67.8463511
-174.8,45.1142089
-174.5,-28.6453139
-174.2,107.647681
-173.9,173.51309
-173.6,98.5308153
-173.3,112.980761
-173,172.142836
-172.7,199.316955
-172.4,224.783035
-172.1,246.841004
-171.8,312.490796
-171.5,399.932354
-171.2,224.445633
-170.9,76.8106027
-170.6,-15.1127605
-170.3,-11.8444757
-170,39.0154385
-169.7,67.9669639
-169.4,158.790084
-169.1,373.364787
-168.8,291.531067
-168.5,61.4889294
-168.2,-36.2616076
-167.9,-94.3005233
-167.6,-72.9077961
-167.3,-3.8834059
-167,88.9526667
-166.7,-174.499557
-166.4,-346.540055
-166.1,-335.748805
-165.8,-310.445799
-165.5,-277.891033
-165.2,-127.324516
-164.9,-67.546261
-164.6,-189.336287
-164.3,-134.134613
-164,9.5587377
-163.7,333.243738
-163.4,525.360364
-163.1,454.348602
-162.8,260.048457
-162.5,4.09994706
-162.2,278.6631
-161.9,420.497951
-161.6,296.884542
-161.3,325.422932
-161,430.033191
-160.7,473.855404
-160.4,457.209671
-160.1,319.636109
-159.8,330.134855
-159.5,414.66606
-159.2,513.64989
-158.9,527.926529
-158.6,372.796183
-158.3,228.179079
-158,88.8154637
-157.7,136.225597
-157.4,181.12975
-157.1,221.02821
-156.8,-48.9187246
-156.5,-473.790739
-156.2,-439.547512
-155.9,-395.468722
-155.6,-331.714051
-155.3,-314.843185
-155,-321.415808
-154.7,-446.671603
-154.4,-543.410255
-154.1,-583.111451
-153.8,-511.974885
-153.5,-385.420259
-153.2,-443.547281
-152.9,-471.455661
-152.6,-438.925116
-152.3,-322.755368
-152,-164.766143
-151.7,-214.67717
-151.4,-280.468175
-151.1,-378.018884
-150.8,-387.689021
-150.5,-353.418317
-150.2,-52.5065045
-149.9,145.306679
-149.6,136.921503
-149.3,76.6982476
-149,-9.44279125
-148.7,-83.1013068
-148.4,-129.356982
-148.1,-120.809491
-147.8,-250.458502
-147.5,-449.203679
-147.2,-284.284682
-146.9,-207.641176
-146.6,-307.55283
-146.3,-312.539311
-146,-270.060291
-145.7,-334.435446
-145.4,-348.084458
-145.1,-260.28702
-144.8,-270.482838
-144.5,-329.671629
-144.2,-272.093129
-143.9,-238.567096
-143.6,-253.153314
-143.3,-163.571596
-143,-21.9017964
-142.7,-72.1638085
-142.4,-58.6775738
-142.1,82.296908
-141.8,104.999566
-141.5,68.5702456
-141.2,-4.27130472
-140.9,-60.3854626
-140.6,-83.0527604
-140.3,-6.63392148
-140,119.330101
-139.7,51.5580845
-139.4,-2.41150433
-139.1,-28.7805664
-138.8,-116.75143
-138.5,-235.526914
-138.2,-258.19039
-137.9,-221.025848
-137.6,-64.197931
-137.3,-63.8319503
-137,-141.713849
-136.7,226.289882
-136.4,420.49237
-136.1,267.126659
-135.8,87.8661335
-135.5,-104.758661
-135.2,-116.868782
-134.9,-83.2258215
-134.6,41.9486181
-134.3,183.413028
-134,333.00608
-133.7,75.5266149
-133.4,-39.606407
-133.1,129.986066
-132.8,77.1432897
-132.5,-86.9352687
-132.2,-118.150109
-131.9,-18.9617498
-131.6,341.069306
-131.3,312.182564
-131,88.8175225
-130.7,90.7136742
-130.4,79.990564
-130.1,44.0678844
-129.8,15.2255813
-129.5,-10.0961424
-129.2,-134.456938
-128.9,-170.036387
-128.6,-28.0140533
-128.3,-16.9095181
-128,-71.2823253
-127.7,137.768094
-127.4,204.602445
-127.1,-12.9584293
-126.8,-31.4735514
-126.5,49.518161
-126.2,18.7579144
-125.9,-26.0128639
-125.6,-98.7724633
-125.3,-157.438903
-125,-209.069964
-124.7,-192.803222
-124.4,-166.336092
-124.1,-119.445836
-123.8,691.270459
-123.5,1883.8959
-123.2,1119.31383
-122.9,476.547829
-122.6,77.4215326
-122.3,-11.4213748
-122,54.8828445
-121.7,106.138022
-121.4,155.128011
-121.1,199.576633
-120.8,156.167708
-120.5,68.8450649
-120.2,70.0525233
-119.9,-12.9861344
-119.6,-264.547187
-119.3,-357.146974
-119,-370.241968
-118.7,-53.2888924
-118.4,140.355209
-118.1,87.332968
-117.8,47.7267177
-117.5,14.8585055
-117.2,30.2900689
-116.9,-35.7772969
-116.6,-264.902862
-116.3,-335.006367
-116,-325.56784
-115.7,96.7925587
-115.4,286.894613
-115.1,12.4181354
-114.8,143.123008
-114.5,476.449158
-114.2,238.576481
-113.9,-1.39524309
-113.6,-245.626327
-113.3,-276.397067
-113,-200.407668
-112.7,-149.438188
-112.4,-113.468521
-112.1,-107.558418
-111.8,-74.0274934
-111.5,-26.6552592
-111.2,1.93878717
-110.9,-46.564857
-110.6,-249.325758
-110.3,-313.583562
-110,-308.558017
-109.7,291.731042
-109.4,550.703615
-109.1,126.979523
-108.8,-78.0015986
-108.5,-173.580344
-108.2,-70.9174786
-107.9,79.2460746
-107.6,324.349272
-107.3,204.511027
-107,-97.7697001
-106.7,-235.773877
-106.4,-310.982465
-106.1,-260.656488
-105.8,-158.397034
-105.5,-30.145244
-105.2,-58.7423182
-104.9,-106.909501
-104.6,-194.268085
-104.3,-0.139411413
-104,334.755134
-103.7,482.074068
-103.4,441.915885
-103.1,26.759096
-102.8,-135.91782
-102.5,-172.336433
-102.2,-201.698273
-101.9,-245.884776
-101.6,-319.757333
-101.3,-334.077349
-101,-318.606329
-100.7,-193.425812
-100.4,-94.7773407
-100.1,-49.2224709
-99.8,265.75726
-99.5,715.460345
-99.2,278.505256
-98.9,21.4304024
-98.6,124.09408
-98.3,203.374589
-98,270.970247
-97.7,29.9392073
-97.4,-44.8406179
-97.1,212.868437
-96.8,404.503851
-96.5,563.103039
-96.2,608.183379
-95.9,669.162175
-95.6,761.936601
-95.3,708.303798
-95,581.461074
-94.7,244.545982
-94.4,68.1563789
-94.1,212.830467
-93.8,276.846738
-93.5,300.52382
-93.2,-65.3996422
-92.9,-136.324868
-92.6,382.76714
-92.3,418.475597
-92,212.480021
-91.7,277.960222
-91.4,297.656246
-91.1,225.808309
-90.8,153.136674
-90.5,80.0416079
-90.2,-160.056569
-89.9,-227.4575
-89.6,50.5591527
-89.3,145.793671
-89,149.626405
-88.7,17.3578559
-88.4,-77.8312281
-88.1,-98.8398854
-87.8,-50.8271382
-87.5,31.687946
-87.2,39.7864112
-86.9,4.58937943
-86.6,-117.182023
-86.3,-149.406663
-86,-136.863485
-85.7,-71.7114576
-85.4,-12.429492
-85.1,35.1236346
-84.8,29.9493131
-84.5,-1.59094276
-84.2,65.3844552
-83.9,61.2972422
-83.6,-84.9106669
-83.3,-119.917206
-83,-99.3205142
-82.7,-127.739382
-82.4,-131.233179
-82.1,-84.8816026
-81.8,-91.2844177
-81.5,-124.061312
-81.2,-153.171912
-80.9,-220.915807
-80.6,-365.932589
-80.3,-412.221923
-80,-409.143532
-79.7,-412.417149
-79.4,-364.782497
-79.1,-215.339252
-78.8,-192.247
-78.5,-232.325196
-78.2,-177.713117
-77.9,-109.73002
-77.6,-15.0153194
-77.3,277.111377
-77,667.950139
-76.7,296.020902
-76.4,52.2836399
-76.1,64.9183681
-75.8,-55.0349195
-75.5,-241.2763
-75.2,-376.265899
-74.9,-428.234019
-74.6,-220.031265
-74.3,259.931519
-74,277.983635
-73.7,5.16394734
-73.4,-252.608745
-73.1,-522.355985
-72.8,-542.559094
-72.5,-410.509559
-72.2,-441.059009
-71.9,-541.479177
-71.6,-389.081747
-71.3,-422.288462
-71,-121.981075
-70.7,-36.9616329
-70.4,88.0477743
-70.1,-84.2848989
-69.8,-36.771759
-69.5,-146.354735
-69.2,-139.595716
-68.9,58.2533902
-68.6,-181.859617
-68.3,-112.287005
-68,-116.981095
-67.7,-287.124407
-67.4,-374.979432
-67.1,-266.308821
-66.8,-277.73522
-66.5,-210.09136
-66.2,-121.969898
-65.9,-138.833322
-65.6,-85.6039244
-65.3,-30.9938482
-65,40.0449108
-64.7,-3.62969942
-64.4,-70.079758
-64.1,350.152552
-63.8,143.10515
-63.5,56.4461088
-63.2,296.323272
-62.9,237.794493
-62.6,-174.422488
-62.3,-357.800008
-62,-153.650368
-61.7,-264.845754
-61.4,39.722005
-61.1,-223.378558
-60.8,-218.378574
-60.5,-59.1086392
-60.2,-116.318981
-59.9,-246.169747
-59.6,-113.4607
-59.3,48.7885114
-59,356.638572
-58.7,-137.190011
-58.4,-104.596451
-58.1,710.920203
-57.8,951.181066
-57.5,1005.32743
-57.2,816.680795
-56.9,529.582807
-56.6,721.935632
-56.3,485.46171
-56,560.203471
-55.7,491.603267
-55.4,64.9434179
-55.1,166.075855
-54.8,24.4924872
-54.5,-261.025129
-54.2,-311.795728
-53.9,-66.8679584
-53.6,179.689426
-53.3,-3.46215515
-53,-226.981446
-52.7,-280.896919
-52.4,-525.57684
-52.1,-320.799373
-51.8,-168.082471
-51.5,-192.934223
-51.2,-182.622575
-50.9,-110.805414
-50.6,-146.640757
-50.3,-94.3166285
-50,-39.3010355
-49.7,214.13803
-49.4,-152.44735
-49.1,-226.88492
-48.8,-411.962337
-48.5,-402.077288
-48.2,62.3523306
-47.9,302.118602
-47.6,-272.806801
-47.3,-255.162106
-47,-111.845503
-46.7,-52.4153769
-46.4,323.969824
-46.1,77.7717739
-45.8,-105.028293
-45.5,-208.47915
-45.2,-245.849768
-44.9,-25.5991223
-44.6,276.373528
-44.3,3.50889012
-44,15.6873809
-43.7,-123.420566
-43.4,-83.6446584
-43.1,56.8951861
-42.8,231.779115
-42.5,241.737241
-42.2,-34.9001849
-41.9,-317.233072
-41.6,-273.061411
-41.3,-348.785366
-41,-353.305242
-40.7,-224.171463
-40.4,-330.954615
-40.1,-410.175251
-39.8,-500.033879
-39.5,-536.011155
-39.2,-412.508359
-38.9,-340.907515
-38.6,-557.491502
-38.3,-459.403885
-38,-73.248839
-37.7,-220.27153
-37.4,541.642547
-37.1,-17.7823053
-36.8,-420.962664
-36.5,-376.018893
-36.2,-57.2177827
-35.9,258.001397
-35.6,83.8697184
-35.3,-26.0608215
-35,438.359848
-34.7,-240.944408
-34.4,-351.072968
-34.1,16.8242645
-33.8,146.937868
-33.5,-75.9516824
-33.2,-236.504121
-32.9,72.4007018
-32.6,475.94284
-32.3,-195.147173
-32,-42.3394378
-31.7,-177.944574
-31.4,53.3214061
-31.1,198.589062
-30.8,122.452494
-30.5,51.4863709
-30.2,1.95417158
-29.9,-16.4035569
-29.6,92.8542376
-29.3,-35.9605932
-29,-110.815659
-28.7,-83.1776914
-28.4,305.447242
-28.1,498.203901
-27.8,187.117592
-27.5,-68.2553132
-27.2,-62.5778592
-26.9,-108.372188
-26.6,-269.479576
-26.3,-134.390525
-26,-257.294661
-25.7,-122.750827
-25.4,-120.597143
-25.1,76.209212
-24.8,293.392132
-24.5,490.406389
-24.2,159.960561
-23.9,-104.4096
-23.6,51.7320474
-23.3,159.068706
-23,-150.102832
-22.7,290.254698
-22.4,341.478425
-22.1,-229.383973
-21.8,-279.724695
-21.5,-393.275457
-21.2,-621.567568
-20.9,-570.212005
-20.6,-374.759318
-20.3,87.6902389
-20,-358.363084
-19.7,-298.518481
-19.4,-433.714732
-19.1,-442.639949
-18.8,-455.66179
-18.5,-415.777725
-18.2,-351.765116
-17.9,-341.931033
-17.6,-334.0223
-17.3,-311.1758
-17,-555.268785
-16.7,-762.118698
-16.4,-339.503333
-16.1,-77.6773427
-15.8,-227.328916
-15.5,-140.646464
-15.2,-118.152031
-14.9,-244.874684
-14.6,-44.60377
-14.3,-431.288961
-14,-443.320337
-13.7,-386.528316
-13.4,-494.283583
-13.1,-752.977111
-12.8,-1004.00025
-12.5,-781.984768
-12.2,-898.702822
-11.9,-912.766976
-11.6,-1079.25016
-11.3,-1040.38581
-11,-759.44794
-10.7,-918.751126
-10.4,-907.050467
-10.1,-1018.40163
-9.8,-1036.78088
-9.5,-924.042071
-9.2,-1081.73091
-8.9,-1085.61626
-8.6,-1204.43872
-8.3,-319.296274
-8,-446.086995
-7.7,-1097.20897
-7.4,-859.860482
-7.1,-864.740161
-6.8,-1001.24673
-6.5,-1096.77904
-6.2,-400.836182
-5.9,-400.017447
-5.6,-657.022405
-5.3,-834.450823
-5,-927.102618
-4.7,-151.477943
-4.4,-961.177137
-4.1,-899.50067
-3.8,-672.649323
-3.5,-800.924155
-3.2,-936.326405
-2.9,-1279.55753
-2.6,-879.519352
-2.3,-1244.41412
-2,-138.544499
-1.7,-970.2137
-1.4,-942.525319
-1.1,-596.183169
-0.8,-765.791266
-0.5,-972.953963
-0.2,-1077.47591
0.1,-499.062036
0.4,663.282632
0.7,1540.75312
1,1628.54474
1.3,949.753192
1.6,1936.67461
1.9,1860.80555
2.2,1344.74315
2.5,1147.28506
2.8,1621.02939
3.1,1457.67466
3.4,1764.41956
3.7,2496.563
4,1624.70437
4.3,726.443601
4.6,1933.78088
4.9,2402.21649
5.2,1797.25086
5.5,1974.58476
5.8,1371.71904
6.1,775.05477
6.4,2300.49306
6.7,1961.17493
7,1654.28154
7.3,1647.39431
7.6,3443.87487
7.9,4209.16494
8.2,3910.6465
8.5,3313.1819
8.8,2717.47385
9.1,2114.48551
9.4,1712.54033
9.7,2295.42181
10,1801.0535
10.3,1102.53933
10.6,1573.00346
10.9,1098.42873
11.2,1188.90656
11.5,1113.3843
11.8,1176.34588
12.1,879.454123
12.4,896.252302
12.7,957.605046
13,824.418869
13.3,606.542395
13.6,625.486371
13.9,714.423544
14.2,415.128481
14.5,229.757349
14.8,-604.232322
15.1,-626.281889
15.4,1110.46817
15.7,426.678098
16,631.848733
16.3,451.421389
16.6,329.557725
16.9,684.73964
17.2,568.369189
17.5,655.548535
17.8,390.539888
18.1,484.305469
18.4,369.207467
18.7,244.708015
19,12.5891722
19.3,-10.4871004
19.6,16.4410485
19.9,-161.664648
20.2,-600.342574
20.5,-725.511241
20.8,-476.069299
21.1,-207.055532
21.4,-69.8488498
21.7,-490.568269
22,-410.112906
22.3,-346.341982
22.6,-228.214816
22.9,-412.390817
23.2,-524.549478
23.5,-635.570373
23.8,-725.473155
24.1,-749.85756
24.4,-606.103398
24.7,-452.130553
25,-478.698971
25.3,-458.328652
25.6,-18.939648
25.9,-91.4520538
26.2,-204.085997
26.5,-401.161632
26.8,-456.039148
27.1,-249.838766
27.4,-236.040738
27.7,19.0546561
28,28.0571145
28.3,339.766322
28.6,461.361953
28.9,350.203679
29.2,444.741175
29.5,500.434115
29.8,702.022178
30.1,374.785047
30.4,139.042417
30.7,-257.146018
31,2.49943234
31.3,32.6984445
31.6,-132.069313
31.9,-401.764179
32.2,-140.286502
32.5,-95.6166455
32.8,-431.694983
33.1,-197.481897
33.4,-82.1577824
33.7,-237.523043
34,-312.558089
34.3,-277.703338
34.6,-426.479217
34.9,75.9138345
35.2,-81.1046283
35.5,-431.735053
35.8,-212.977889
36.1,-144.273595
36.4,-424.502636
36.7,-265.605479
37,199.1974
37.3,66.5255183
37.6,-101.941597
37.9,238.535584
38.2,384.276596
38.5,-23.4590206
38.8,-63.5117091
39.1,667.71809
39.4,490.569941
39.7,365.523431
40,153.558162
40.3,-77.2662473
40.6,-186.470169
40.9,-280.353977
41.2,-301.938044
41.5,-522.90275
41.8,-540.888481
42.1,-424.215637
42.4,-844.184627
42.7,-637.575876
43,-687.189824
43.3,-381.766933
43.6,-530.187676
43.9,-753.672539
44.2,-409.062018
44.5,-430.056625
44.8,-164.05688
45.1,-824.423312
45.4,-205.276451
45.7,-398.59684
46,279.41497
46.3,452.218432
46.6,-198.106989
46.9,-372.361807
47.2,-22.846531
47.5,169.438326
47.8,-488.18774
48.1,110.834776
48.4,91.8053751
48.7,-288.096429
49,-291.951114
49.3,341.340843
49.6,224.818967
49.9,-628.137199
50.2,-217.888101
50.5,-73.0541891
50.8,-364.055916
