-176,1223.1
-175.7,1371.66
-175.4,1496.84
-175.1,1575.26
-174.8,1551.64
-174.5,1477
-174.2,1612.42
-173.9,1677.42
-173.6,1601.58
-173.3,1615.18
-173,1673.5
-172.7,1699.84
-172.4,1724.48
-172.1,1745.72
-171.8,1810.56
-171.5,1897.2
-171.2,1720.92
-170.9,1572.5
-170.6,1479.8
-170.3,1482.3
-170,1532.4
-169.7,1560.6
-169.4,1650.68
-169.1,1864.52
-168.8,1781.96
-168.5,1551.2
-168.2,1452.74
-167.9,1394
-167.6,1414.7
-167.3,1483.04
-167,1575.2
-166.7,1311.08
-166.4,1138.38
-166.1,1148.52
-165.8,1173.18
-165.5,1205.1
-165.2,1355.04
-164.9,1414.2
-164.6,1291.8
-164.3,1346.4
-164,1489.5
-163.7,1812.6
-163.4,2004.14
-163.1,1932.56
-162.8,1737.7
-162.5,1481.2
-162.2,1755.22
-161.9,1896.52
-161.6,1772.38
-161.3,1800.4
-161,1904.5
-160.7,1947.82
-160.4,1930.68
-160.1,1792.62
-159.8,1802.64
-159.5,1886.7
-159.2,1985.22
-158.9,1999.04
-158.6,1843.46
-158.3,1698.4
-158,1558.6
-157.7,1605.58
-157.4,1650.06
-157.1,1689.54
-156.8,1419.18
-156.5,993.9
-156.2,1027.74
-155.9,1071.42
-155.6,1134.78
-155.3,1151.26
-155,1144.3
-154.7,1018.66
-154.4,921.54
-154.1,881.46
-153.8,952.22
-153.5,1078.4
-153.2,1019.9
-152.9,991.62
-152.6,1023.78
-152.3,1139.58
-152,1297.2
-151.7,1246.92
-151.4,1180.76
-151.1,1082.84
-150.8,1072.8
-150.5,1106.7
-150.2,1407.24
-149.9,1604.68
-149.6,1595.92
-149.3,1535.32
-149,1448.8
-148.7,1374.76
-148.4,1328.12
-148.1,1336.28
-147.8,1206.24
-147.5,1007.1
-147.2,1171.62
-146.9,1247.86
-146.6,1147.54
-146.3,1142.14
-146,1184.2
-145.7,1119.4
-145.4,1105.32
-145.1,1192.68
-144.8,1182.04
-144.5,1122.4
-144.2,1179.52
-143.9,1212.58
-143.6,1197.52
-143.3,1286.62
-143,1427.8
-142.7,1377.04
-142.4,1390.02
-142.1,1530.48
-141.8,1552.66
-141.5,1515.7
-141.2,1442.32
-140.9,1385.66
-140.6,1362.44
-140.3,1438.3
-140,1563.7
-139.7,1495.36
-139.4,1440.82
-139.1,1413.88
-138.8,1325.34
-138.5,1206
-138.2,1182.78
-137.9,1219.4
-137.6,1375.7
-137.3,1375.56
-137,1297.2
-136.7,1664.76
-136.4,1858.56
-136.1,1704.84
-135.8,1525.28
-135.5,1332.8
-135.2,1320.86
-134.9,1354.7
-134.6,1480.1
-134.3,1621.82
-134,1771.7
-133.7,1514.54
-133.4,1399.76
-133.1,1569.74
-132.8,1517.32
-132.5,1353.7
-132.2,1322.98
-131.9,1422.7
-131.6,1783.3
-131.3,1755.02
-131,1532.3
-130.7,1534.88
-130.4,1524.88
-130.1,1489.72
-129.8,1461.68
-129.5,1437.2
-129.2,1313.72
-128.9,1279.06
-128.6,1422.04
-128.3,1434.14
-128,1380.8
-127.7,1590.92
-127.4,1658.86
-127.1,1442.44
-126.8,1425.1
-126.5,1507.3
-126.2,1477.78
-125.9,1434.28
-125.6,1362.82
-125.3,1305.48
-125,1255.2
-124.7,1272.84
-124.4,1300.7
-124.1,1349
-123.8,2161.14
-123.5,3355.2
-123.2,2592.06
-122.9,1950.74
-122.6,1553.06
-122.3,1465.66
-122,1533.4
-121.7,1586.08
-121.4,1636.48
-121.1,1682.32
-120.8,1640.28
-120.5,1554.3
-120.2,1556.82
-119.9,1475.06
-119.6,1224.74
-119.3,1133.34
-119,1121.4
-118.7,1439.46
-118.4,1634.16
-118.1,1582.14
-117.8,1543.48
-117.5,1511.5
-117.2,1527.76
-116.9,1462.46
-116.6,1234.04
-116.3,1164.58
-116,1174.6
-115.7,1597.48
-115.4,1788.04
-115.1,1513.96
-114.8,1645
-114.5,1978.6
-114.2,1740.94
-113.9,1501.12
-113.6,1256.98
-113.3,1226.24
-113,1302.2
-112.7,1353.08
-112.4,1388.9
-112.1,1394.6
-111.8,1427.86
-111.5,1474.9
-111.2,1503.1
-110.9,1454.14
-110.6,1250.86
-110.3,1186.02
-110,1190.4
-109.7,1789.98
-109.4,2048.18
-109.1,1623.62
-108.8,1417.74
-108.5,1321.2
-108.2,1422.84
-107.9,1571.92
-107.6,1815.88
-107.3,1694.84
-107,1391.3
-106.7,1251.98
-106.4,1175.4
-106.1,1224.3
-105.8,1325.08
-105.5,1451.8
-105.2,1421.62
-104.9,1371.82
-104.6,1282.78
-104.3,1475.18
-104,1808.3
-103.7,1953.8
-103.4,1911.78
-103.1,1494.72
-102.8,1330.1
-102.5,1291.7
-102.2,1260.32
-101.9,1214.08
-101.6,1138.12
-101.3,1121.68
-101,1135
-100.7,1258
-100.4,1354.44
-100.1,1397.76
-99.8,1710.48
-99.5,2157.9
-99.2,1718.64
-98.9,1459.24
-98.6,1559.56
-98.3,1636.48
-98,1701.7
-97.7,1458.28
-97.4,1381.1
-97.1,1636.4
-96.8,1825.62
-96.5,1981.8
-96.2,2024.46
-95.9,2083.02
-95.6,2173.38
-95.3,2117.34
-95,1988.1
-94.7,1648.8
-94.4,1470.04
-94.1,1612.36
-93.8,1674.04
-93.5,1695.4
-93.2,1327.18
-92.9,1253.98
-92.6,1770.82
-92.3,1804.3
-92,1596.1
-91.7,1659.4
-91.4,1676.94
-91.1,1602.96
-90.8,1528.18
-90.5,1453
-90.2,1210.84
-89.9,1141.4
-89.6,1417.4
-89.3,1510.64
-89,1512.5
-88.7,1378.28
-88.4,1281.16
-88.1,1258.24
-87.8,1304.36
-87.5,1385
-87.2,1391.24
-86.9,1354.2
-86.6,1230.6
-86.3,1196.56
-86,1207.3
-85.7,1270.66
-85.4,1328.16
-85.1,1373.94
-84.8,1367
-84.5,1333.7
-84.2,1398.92
-83.9,1393.08
-83.6,1245.12
-83.3,1208.36
-83,1227.2
-82.7,1197.02
-82.4,1191.76
-82.1,1236.34
-81.8,1228.16
-81.5,1193.6
-81.2,1162.7
-80.9,1093.16
-80.6,946.34
-80.3,898.24
-80,899.5
-79.7,894.4
-79.4,940.2
-79.1,1087.8
-78.8,1109.04
-78.5,1067.1
-78.2,1119.84
-77.9,1185.94
-77.6,1278.76
-77.3,1568.98
-77,1957.9
-76.7,1584.04
-76.4,1338.36
-76.1,1349.04
-75.8,1227.12
-75.5,1038.9
-75.2,901.92
-74.9,847.950004
-74.6,1054.14004
-74.3,1532.08
-74,1548.1
-73.7,1273.23997
-73.4,1013.42002
-73.1,741.620009
-72.8,719.360007
-72.5,849.35
-72.2,816.740017
-71.9,714.260007
-71.6,864.599995
-71.3,829.33997
-71,1127.6
-70.7,1210.58001
-70.4,1333.55999
-70.1,1159.21001
-69.8,1204.72001
-69.5,1093.15
-69.2,1097.93997
-68.9,1293.83999
-68.6,1051.80001
-68.3,1119.47
-68,1112.9
-67.7,940.909983
-67.4,851.240005
-67.1,958.129995
-66.8,944.959993
-66.5,1010.9
-66.2,1097.36
-65.9,1078.88
-65.6,1130.54
-65.3,1183.62999
-65,1253.2
-64.7,1208.11
-64.4,1140.3
-64.1,1559.22998
-63.8,1350.93996
-63.5,1263.1
-63.2,1501.85999
-62.9,1442.27998
-62.6,1029.07998
-62.3,844.78998
-62,1048.1
-61.7,936.139989
-61.4,1240.01998
-61.1,976.310015
-60.8,980.780015
-60.5,1139.6
-60.2,1082.02002
-59.9,951.880004
-59.6,1084.38001
-59.3,1246.49997
-59,1554.3
-58.7,1060.5
-58.4,1093.2
-58.1,1908.9
-57.8,2149.42
-57.5,2203.9
-57.2,2015.66004
-56.9,1729.04001
-56.6,1921.93998
-56.3,1686.07999
-56,1761.5
-55.7,1693.63999
-55.4,1267.78003
-55.1,1369.76999
-54.8,1229.09998
-54.5,944.55
-54.2,894.799988
-53.9,1140.80001
-53.6,1388.47999
-53.3,1206.50002
-53,984.2
-52.7,931.549995
-52.4,688.180018
-52.1,894.309989
-51.8,1048.42
-51.5,1025
-51.2,1036.77999
-50.9,1110.1
-50.6,1075.8
-50.3,1129.68999
-50,1186.3
-49.7,1441.36003
-49.4,1076.42003
-49.1,1003.65
-48.8,820.259981
-48.5,831.85
-48.2,1297.99995
-47.9,1539.49998
-47.6,966.32
-47.3,985.719985
-47,1130.8
-46.7,1192.00001
-46.4,1570.15997
-46.1,1325.74001
-45.8,1144.72
-45.5,1043.05
-45.2,1007.45999
-44.9,1229.49002
-44.6,1533.23998
-44.3,1262.15
-44,1276.1
-43.7,1138.75999
-43.4,1180.3
-43.1,1322.59999
-42.8,1499.24001
-42.5,1510.95
-42.2,1236.06003
-41.9,955.470003
-41.6,1001.37999
-41.3,927.39
-41,924.6
-40.7,1055.46001
-40.4,950.400009
-40.1,872.900002
-39.8,784.759993
-39.5,750.5
-39.2,875.719983
-38.9,949.03999
-38.6,734.180004
-38.3,833.999961
-38,1221.9
-37.7,1076.63999
-37.4,1840.33994
-37.1,1282.73003
-36.8,881.4
-36.5,928.236356
-36.2,1248.97996
-35.9,1566.2
-35.6,1394.13637
-35.3,1286.34995
-35,1753
-34.7,1076.01993
-34.4,968.320002
-34.1,1338.75998
-33.8,1471.54
-33.5,1251.45
-33.2,1093.83999
-32.9,1405.84002
-32.6,1812.63995
-32.3,1144.97998
-32,1301.4
-31.7,1169.6
-31.4,1404.875
-31.1,1554.36667
-30.8,1482.67999
-30.5,1416.4
-30.2,1371.80001
-29.9,1358.63001
-29.6,1473.33999
-29.3,1350.25001
-29,1281.4
-28.7,1315.33
-28.4,1710.53997
-28.1,1910.18
-27.8,1606.27997
-27.5,1358.4
-27.2,1371.88
-26.9,1334.19999
-26.6,1181.52001
-26.3,1325.35001
-26,1211.5
-25.7,1355.41001
-25.4,1367.24
-25.1,1574.02999
-24.8,1801.5
-24.5,2009.1
-24.2,1689.53333
-23.9,1436.33001
-23.6,1603.92001
-23.3,1722.98003
-23,1425.8
-22.7,1878.41005
-22.4,1942.14
-22.1,1384.03002
-21.8,1346.68002
-21.5,1246.35
-21.2,1031.5
-20.9,1096.51
-20.6,1305.82004
-20.3,1782.32004
-20,1350.5
-19.7,1424.75001
-19.4,1304.12001
-19.1,1309.91
-18.8,1311.74
-18.5,1366.6
-18.2,1445.7
-17.9,1470.72
-17.6,1493.9
-17.3,1532.09002
-17,1303.4
-16.7,1112
-16.4,1550.1
-16.1,1827.43333
-15.8,1693.3
-15.5,1795.5
-15.2,1833.5
-14.9,1722.26
-14.6,1937.98
-14.3,1566.7
-14,1570.02
-13.7,1642.1
-13.4,1549.56
-13.1,1306
-12.8,1070.02
-12.5,1306.98
-12.2,1205.1
-11.9,1205.76
-11.6,1053.88
-11.3,1107.22
-11,1402.5
-10.7,1257.4
-10.4,1283.16
-10.1,1185.72
-9.8,1181.1
-9.5,1307.44286
-9.2,1163.2
-8.9,1172.6
-8.6,1066.9
-8.3,1965
-8,1851
-7.7,1212.5
-7.4,1462.3
-7.1,1469.7
-6.8,1345.3
-6.5,1261.7
-6.2,1969.4
-5.9,1981.8
-5.6,1736.2
-5.3,1570
-5,1488.4
-4.7,2274.9
-4.4,1475.9
-4.1,1548.1
-3.8,1785.3
-3.5,1667.2
-3.2,1541.8
-2.9,1208.4
-2.6,1618.1
-2.3,1262.7
-2,2377.9
-1.7,1555.4
-1.4,1592.1
-1.1,1947.3
-0.8,1786.4
-0.5,1587.8
-0.2,1491.7
0.1,2078.4
0.4,3248.9
0.7,4134.4
1,4230.1
1.3,3559.1
1.6,4553.7
1.9,4485.4
2.2,3976.8
2.5,3786.7
2.8,4267.7
3.1,4111.5
3.4,4425.3
3.7,5164.4
4,4299.4
4.3,3407.9
4.6,4621.9
4.9,5096.9
5.2,4498.4
5.5,4682.1
5.8,4085.5
6.1,3495
6.4,5026.5
6.7,4693.14
7,4392.1
7.3,4390.96
7.6,6193.08
7.9,6963.9
8.2,6670.8
8.5,6078.64
8.8,5488.12
9.1,4890.2
9.4,4493.2
9.7,5080.9
10,4591.22
10.3,3897.26
10.6,4372.14
10.9,3894.9
11.2,3982.56
11.5,3904.08
11.8,3963.96
12.1,3663.88
12.4,3677.4
12.7,3735.4
13,3598.8
13.3,3377.46
13.6,3392.9
13.9,3478.3
14.2,3175.44
14.5,2986.48
14.8,2148.88
15.1,2123.2
15.4,3856.3
15.7,3168.84
16,3370.32
16.3,3186.18
16.6,3060.58
16.9,3412
17.2,3291.84
17.5,3375.2
17.8,3106.34
18.1,3196.22
18.4,3077.2
18.7,2948.74
19,2712.62
19.3,2685.5
19.6,2708.34
19.9,2526.1
20.2,2083.24
20.5,1953.84
20.8,2199
21.1,2463.68
21.4,2596.5
21.7,2171.34
22,2247.3
22.3,2306.52
22.6,2420.04
22.9,2231.2
23.2,2114.32
23.5,1998.52
23.8,1903.78
24.1,1874.5
24.4,2013.3
24.7,2162.26
25,2130.62
25.3,2145.86
25.6,2580.06
25.9,2502.3
26.2,2384.36
26.5,2181.92
26.8,2121.62
27.1,2322.34
27.4,2330.6
27.7,2580.1
28,2583.45
28.3,2889.45
28.6,3005.28
28.9,2888.3
29.2,2976.96
29.5,3026.72
29.8,3222.32
30.1,2889.04
30.4,2647.2
30.7,2244.86
31,2498.3
31.3,2522.24
31.6,2351.16
31.9,2075.1
32.2,2330.16
32.5,2368.36
32.8,2025.76
33.1,2253.4
33.4,2362.1
33.7,2200.06
34,2118.3
34.3,2146.38
34.6,1990.78
34.9,2486.3
35.2,2322.36
35.5,1964.76
35.8,2176.5
36.1,2238.14
36.4,1950.8
36.7,2102.54
37,2560.14
37.3,2420.22
37.6,2244.46
37.9,2577.6
38.2,2715.96
38.5,2300.8
38.8,2253.28
39.1,2977
39.4,2792.3
39.7,2659.66
40,2440.06
40.3,2201.56
40.6,2084.64
40.9,1983
41.2,1953.62
41.5,1724.82
41.8,1698.96
42.1,1807.72
42.4,1379.8
42.7,1578.42
43,1520.78
43.3,1818.14
43.6,1661.62
43.9,1430
44.2,1766.44
44.5,1737.24
44.8,1995
45.1,1326.36
45.4,1937.2
45.7,1735.54
46,2405.18
46.3,2569.58
46.6,1910.82
46.9,1728.1
47.2,2069.12
47.5,2252.88
47.8,1586.7
48.1,2177.14
48.4,2149.5
48.7,1760.96
49,1748.44
49.3,2373.04
49.6,2247.8
49.9,1386.1
50.2,1787.58
50.5,1923.62
50.8,1623.8
