460.12,-0.0524310286
460.32,-0.040031239
460.52,-0.0271981825
460.72,-0.0104352416
460.92,0.00632363113
461.12,0.0779705373
461.32,0.142336751
461.52,0.141211138
461.72,0.14008103
461.92,0.136652929
462.12,0.133099619
462.32,0.0460799393
462.52,-0.0402826821
462.72,0.0118604253
462.92,0.0528214794
463.12,-0.00682244716
463.32,-0.0438908303
463.52,-0.0533658943
463.72,-0.0643444716
463.92,-0.0888247768
464.12,-0.10495443
464.32,-0.0458996811
464.52,-0.000579614717
464.72,-0.0101878256
464.92,-0.0210472211
465.12,-0.0556175203
465.32,-0.0856542784
465.52,-0.074862104
465.72,-0.0645083249
465.92,-0.0580729783
466.12,-0.0502608588
466.32,-0.0300299267
466.52,-0.00764172703
466.72,0.023386335
466.92,0.0487492389
467.12,0.0231562857
467.32,0.00158557205
467.52,0.0565097968
467.72,0.102450448
467.92,0.0675725452
468.12,0.0351442036
468.32,0.0493359848
468.52,0.064256689
468.72,0.0821064184
468.92,0.0951235012
469.12,0.0164012376
469.32,-0.0464791584
469.52,-0.0195681629
469.72,-0.0125815238
469.92,-0.0163253488
470.12,-0.0186144727
470.32,0.00681269196
470.52,0.0270730862
470.72,0.000865960558
470.92,-0.0244630001
471.12,-0.03303408
471.32,-0.0414890486
471.52,-0.0494678836
471.72,-0.0562284445
471.92,-0.0560681969
472.12,-0.0559114766
472.32,-0.0557582145
472.52,-0.0557876118
472.72,-0.0592259183
472.92,-0.0601239425
473.12,-0.0381320277
473.32,-0.0227982499
473.52,-0.067358527
473.72,-0.073884219
473.92,0.033701936
474.12,0.104290266
474.32,0.0269031424
474.52,-0.0342705647
474.72,-0.0305682635
474.92,-0.0224528938
475.12,0.0107238661
475.32,0.0438815385
475.52,0.000421708126
475.72,-0.0418158617
475.92,-0.0603215854
476.12,-0.0686748379
476.32,-0.0195904839
476.52,0.0294766186
476.72,0.0317827076
476.92,0.0211257348
477.12,-0.0318371001
477.32,-0.0697667415
477.52,-0.0475307224
477.72,-0.025299365
477.92,-0.00307016035
478.12,0.0167732621
478.32,-0.0087135789
478.52,-0.0274744209
478.72,0.0142706286
478.92,0.0455572635
479.12,-0.017333125
479.32,-0.0727531321
479.52,-0.0610116389
479.72,-0.0557724447
479.92,-0.0765719877
480.12,-0.097361112
480.32,-0.0675664269
480.52,-0.0897812374
480.72,0.021213576
480.92,0.0478005593
481.12,-0.0478991171
481.32,-0.0529697513
481.52,-0.0397175594
481.72,-0.00999450726
481.92,0.0114021783
482.12,0.03042449
482.32,0.0350465856
482.52,-0.0506558082
482.72,0.0334434441
482.92,0.0789004381
483.12,0.0124888318
483.32,-0.0220280221
483.52,0.0654978976
483.72,0.0402843066
483.92,0.0435365165
484.12,0.327145735
484.32,0.117495877
484.52,0.175972148
484.72,0.0504652327
484.92,-0.0222686335
485.12,-0.0593642293
485.32,0.00342320452
485.52,-0.0336169567
485.72,-0.0238705992
485.92,-0.0198339859
486.12,-0.0782864936
486.32,0.0792326695
486.52,-0.0184144143
486.72,0.0231558895
486.92,0.0582503885
487.12,-0.045961815
487.32,-0.014270256
487.52,0.306771564
487.72,-0.0239555042
487.92,-0.0616274861
488.12,0.0575608118
488.32,0.0973674038
488.52,0.130539622
488.72,-0.0110412122
488.92,-0.108691239
489.12,-0.0461039114
489.32,0.114356983
489.52,-0.0411057354
489.72,-0.0944695332
489.92,-0.0757638316
490.12,0.116235202
490.32,0.17204668
490.52,-0.00194871122
490.72,-0.0630241548
490.92,0.0059985144
491.12,0.119749099
491.32,0.142298715
491.52,0.0204530511
491.72,-0.0165013615
491.92,0.107660535
492.12,0.0709884253
492.32,0.0414430733
492.52,-0.0435231978
492.72,-0.0625370743
492.92,-0.0564756704
493.12,-0.0486307451
493.32,-0.0646816271
493.52,-0.0849224035
493.72,-0.0832218711
493.92,-0.0780636986
494.12,-0.0762815868
494.32,-0.0885843033
494.52,-0.103255819
494.72,-0.10949542
494.92,-0.0872877764
495.12,0.00964694367
495.32,0.0306281245
495.52,-0.108119965
495.72,-0.139862916
495.92,-0.00780130814
496.12,-0.0406093308
496.32,-0.102524988
496.52,-0.0817795109
496.72,-0.0602306355
496.92,-0.034452748
497.12,-0.0395669919
497.32,-0.0372496376
497.52,0.0952929325
497.72,0.095714498
497.92,0.0772966017
498.12,0.0603735615
498.32,0.0120448049
498.52,-0.0369801431
498.72,0.0262008289
498.92,-0.0103074698
499.12,-0.0498773759
499.32,-0.0661680631
499.52,0.038343006
499.72,0.0693445907
499.92,0.0661740452
500.12,-0.0455675286
500.32,-0.0580666556
500.52,-0.0497632023
500.72,0.0456029617
500.92,0.051958504
501.12,0.0754305473
501.32,0.162196688
501.52,0.00138519557
501.72,-0.0407948339
501.92,0.191289552
502.12,0.00500110142
502.32,0.0423899861
502.52,0.150502103
502.72,0.0591132868
502.92,0.0340650902
503.12,-0.0420099877
503.32,-0.0583438176
503.52,-0.0627464859
503.72,-0.0673180607
503.92,0.19551575
504.12,0.126681077
504.32,-0.0716524851
504.52,-0.0946897934
504.72,-0.110529267
504.92,-0.127770934
505.12,-0.139869894
505.32,0.0973851167
505.52,0.119352916
505.72,0.0773996708
505.92,0.213215122
506.12,0.129711228
506.32,-0.069252511
506.52,-0.109207072
506.72,-0.00359125792
506.92,0.138041117
507.12,0.153871137
507.32,0.211184405
507.52,0.125375426
507.72,0.0433058106
507.92,0.158372685
508.12,-0.0484393828
508.32,-0.105166501
508.52,-0.0974383799
508.72,0.00690537041
508.92,-0.068331793
509.12,-0.100709148
509.32,-0.10031831
509.52,-0.0733440246
509.72,-0.0434238575
509.92,-0.0864247603
510.12,-0.0655647516
510.32,-0.018678583
510.52,0.0103383683
510.72,0.0194246706
510.92,-0.0178577115
511.12,-0.0628562868
511.32,-0.107874326
511.52,-0.0906996151
511.72,-0.0253094906
511.92,0.181908936
512.12,-0.0405206494
512.32,-0.0927189384
512.52,0.0354718764
512.72,-0.0432971527
512.92,-0.0666043221
513.12,0.057958553
513.32,-0.0424513216
513.52,-0.0233178907
513.72,-0.0714055046
513.92,-0.00846351292
514.12,-0.0479112767
514.32,-0.0429678584
514.52,-0.00838692498
514.72,-0.0843967317
514.92,-0.0838417371
515.12,-0.0791349624
515.32,-0.09134877
515.52,-0.114553786
515.72,-0.0839769736
515.92,-0.0344802961
516.12,-0.0205157449
516.32,0.0119645667
516.52,-0.00918667194
516.72,-0.0576381805
516.92,-0.0587164226
517.12,-0.00285574176
517.32,-0.109912358
517.52,-0.0322095685
517.72,-0.0664435827
517.92,-0.04104939
518.12,-0.0471553912
518.32,0.0074562997
518.52,0.0209582008
518.72,0.0291839342
518.92,0.0176463369
519.12,0.0395655766
519.32,-0.00776201721
519.52,0.0342485814
519.72,0.0225553916
519.92,0.0521715461
520.12,0.0191542054
520.32,-0.0163229768
520.52,0.0242366892
520.72,0.0751601979
520.92,0.0643391878
521.12,0.0508644432
521.32,0.00360821689
521.52,0.00650608894
521.72,0.022343165
521.92,0.0948881565
522.12,0.0277293464
522.32,-0.0435458909
522.52,-0.0218534453
522.72,0.030290061
522.92,0.016483542
523.12,0.0817635719
523.32,0.0660438978
523.52,0.0964506628
523.72,0.0955802181
523.92,-0.0505261489
524.12,0.0665366646
524.32,0.0497202943
524.52,0.0579221349
524.72,0.00687771489
524.92,0.0611617903
525.12,0.0624301592
525.32,0.0402988683
525.52,0.0633744272
525.72,0.0642616008
525.92,0.0623924412
526.12,0.0777394397
526.32,0.0594228688
526.52,0.0585047736
526.72,0.139642243
526.92,0.0693678706
527.12,0.0832416243
527.32,0.1447278
527.52,0.126713726
527.72,0.0685257214
527.92,0.0777082603
528.12,0.174166924
528.32,0.146081382
528.52,0.0865973351
528.72,0.0267430216
528.92,0.0450478506
529.12,0.0146092112
529.32,0.0571263392
529.52,0.0389572711
529.72,0.0203333517
529.92,-0.111395837
530.12,-0.149586799
530.32,-0.133631775
530.52,-0.10819572
530.72,-0.0842978654
530.92,-0.0604016688
531.12,-0.174468341
531.32,-0.0736754431
531.52,-0.0973078872
531.72,-0.153457297
531.92,-0.143766695
532.12,0.070018101
532.32,-0.15164172
532.52,-0.0244216227
532.72,-0.161545805
532.92,-0.0389100186
533.12,-0.0421490935
533.32,-0.00952542635
533.52,0.0388334363
533.72,-0.00897346643
533.92,-0.121515795
534.12,-0.167087955
534.32,-0.129664203
534.52,-0.140978683
534.72,-0.0896305091
534.92,-0.086783791
535.12,-0.00774762809
535.32,0.050433949
535.52,0.0249571839
535.72,-0.0536706045
535.92,-0.083085081
536.12,-0.136034305
536.32,-0.0737860617
536.52,-0.0883759664
536.72,-0.0383110112
536.92,-0.123848592
537.12,-0.1196409
537.32,0.0735753773
537.52,0.154854219
537.72,0.0258260846
537.92,-0.102745651
538.12,-0.0599027092
538.32,-0.0358641262
538.52,-0.0110959277
538.72,0.146118906
538.92,0.0312891768
539.12,0.00319937591
539.32,0.0500180421
539.52,0.0401764718
539.72,0.0745417148
539.92,0.0845767479
540.12,0.000231538855
540.32,-0.0262391754
540.52,-0.00487828261
540.72,-0.0330107857
540.92,0.0150927601
541.12,-0.00894933317
541.32,0.0779595742
541.52,0.000708754562
541.72,-0.018754882
541.92,0.00180381606
542.12,-0.00456395764
542.32,0.0100654415
542.52,0.0766310867
542.72,-0.000440208111
542.92,0.0723790468
543.12,0.0610638074
543.32,0.0347163014
543.52,0.110103866
543.72,0.142645892
543.92,0.0520314874
544.12,0.0118963756
544.32,0.0358248804
544.52,0.0324422452
544.72,0.0627537247
544.92,0.0227045849
545.12,0.0540512157
545.32,0.164423906
545.52,0.137411299
545.72,0.0585192827
545.92,0.0503998803
546.12,0.0941584783
546.32,0.127218793
546.52,-0.0295076646
546.72,0.265963016
546.92,-0.0164958726
547.12,0.0834421469
547.32,0.0411070643
547.52,0.0307802754
547.72,-0.0170803418
547.92,-0.0223562126
548.12,-0.0476002948
548.32,-0.0760537422
548.52,0.123379389
548.72,-0.0919755047
548.92,0.0661069761
549.12,-0.0454277846
549.32,-0.0498594063
549.52,-0.0403075248
549.72,-0.0538567979
549.92,-0.0459969037
550.12,-0.0557375428
550.32,-0.065703437
550.52,-0.0894693316
550.72,-0.0980999985
550.92,-0.101905242
551.12,-0.1979699
551.32,-0.216103852
551.52,-0.01665204
