1958.208	315.71
1958.292	317.45
1958.375	317.5
1958.542	315.86
1958.625	314.93
1958.708	313.2
1958.875	313.33
1958.958	314.67
1959.042	315.62
1959.125	316.38
1959.208	316.71
1959.292	317.72
1959.375	318.29
1959.458	318.15
1959.542	316.54
1959.625	314.8
1959.708	313.84
1959.792	313.26
1959.875	314.8
1959.958	315.58
1960.042	316.43
1960.125	316.97
1960.208	317.58
1960.292	319.02
1960.375	320.03
1960.458	319.59
1960.542	318.18
1960.625	315.91
1960.708	314.16
1960.792	313.83
1960.875	315
1960.958	316.19
1961.042	316.93
1961.125	317.7
1961.208	318.54
1961.292	319.48
1961.375	320.58
1961.458	319.77
1961.542	318.57
1961.625	316.79
1961.708	314.8
1961.792	315.38
1961.875	316.1
1961.958	317.01
1962.042	317.94
1962.125	318.56
1962.208	319.68
1962.292	320.63
1962.375	321.01
1962.458	320.55
1962.542	319.58
1962.625	317.4
1962.708	316.26
1962.792	315.42
1962.875	316.69
1962.958	317.69
1963.042	318.74
1963.125	319.08
1963.208	319.86
1963.292	321.39
1963.375	322.25
1963.458	321.47
1963.542	319.74
1963.625	317.77
1963.708	316.21
1963.792	315.99
1963.875	317.12
1963.958	318.31
1964.042	319.57
1964.375	322.25
1964.458	321.89
1964.542	320.44
1964.625	318.7
1964.708	316.7
1964.792	316.79
1964.875	317.79
1964.958	318.71
1965.042	319.44
1965.125	320.44
1965.208	320.89
1965.292	322.13
1965.375	322.16
1965.458	321.87
1965.542	321.39
1965.625	318.81
1965.708	317.81
1965.792	317.3
1965.875	318.87
1965.958	319.42
1966.042	320.62
1966.125	321.59
1966.208	322.39
1966.292	323.87
1966.375	324.01
1966.458	323.75
1966.542	322.39
1966.625	320.37
1966.708	318.64
1966.792	318.1
1966.875	319.79
1966.958	321.08
1967.042	322.07
1967.125	322.5
1967.208	323.04
1967.292	324.42
1967.375	325
1967.458	324.09
1967.542	322.55
1967.625	320.92
1967.708	319.31
1967.792	319.31
1967.875	320.72
1967.958	321.96
1968.042	322.57
1968.125	323.15
1968.208	323.89
1968.292	325.02
1968.375	325.57
1968.458	325.36
1968.542	324.14
1968.625	322.03
1968.708	320.41
1968.792	320.25
1968.875	321.31
1968.958	322.84
1969.042	324
1969.125	324.42
1969.208	325.64
1969.292	326.66
1969.375	327.34
1969.458	326.76
1969.542	325.88
1969.625	323.67
1969.708	322.38
1969.792	321.78
1969.875	322.85
1969.958	324.11
1970.042	325.03
1970.125	325.99
1970.208	326.87
1970.292	328.13
1970.375	328.07
1970.458	327.66
1970.542	326.35
1970.625	324.69
1970.708	323.1
1970.792	323.16
1970.875	323.98
1970.958	325.13
1971.042	326.17
1971.125	326.68
1971.208	327.18
1971.292	327.78
1971.375	328.92
1971.458	328.57
1971.542	327.34
1971.625	325.46
1971.708	323.36
1971.792	323.57
1971.875	324.8
1971.958	326.01
1972.042	326.77
1972.125	327.63
1972.208	327.75
1972.292	329.72
1972.375	330.07
1972.458	329.09
1972.542	328.05
1972.625	326.32
1972.708	324.93
1972.792	325.06
1972.875	326.5
1972.958	327.55
1973.042	328.54
1973.125	329.56
1973.208	330.3
1973.292	331.5
1973.375	332.48
1973.458	332.07
1973.542	330.87
1973.625	329.31
1973.708	327.51
1973.792	327.18
1973.875	328.16
1973.958	328.64
1974.042	329.35
1974.125	330.71
1974.208	331.48
1974.292	332.65
1974.375	333.2
1974.458	332.16
1974.542	331.07
1974.625	329.12
1974.708	327.32
1974.792	327.28
1974.875	328.3
1974.958	329.58
1975.042	330.73
1975.125	331.46
1975.208	331.9
1975.292	333.17
1975.375	333.94
1975.458	333.45
1975.542	331.98
1975.625	329.95
1975.708	328.5
1975.792	328.34
1975.875	329.37
1976.042	331.59
1976.125	332.75
1976.208	333.52
1976.292	334.64
1976.375	334.77
1976.458	334
1976.542	333.06
1976.625	330.68
1976.708	328.95
1976.792	328.75
1976.875	330.15
1976.958	331.63
1977.042	332.66
1977.125	333.13
1977.208	334.95
1977.292	336.13
1977.375	336.93
1977.458	336.17
1977.542	334.88
1977.625	332.56
1977.708	331.29
1977.792	331.27
1977.875	332.41
1977.958	333.6
1978.042	334.95
1978.125	335.25
1978.208	336.66
1978.292	337.69
1978.375	338.03
1978.458	338.01
1978.542	336.41
1978.625	334.41
1978.708	332.37
1978.792	332.41
1978.875	333.75
1978.958	334.9
1979.042	336.14
1979.125	336.69
1979.208	338.27
1979.292	338.95
1979.375	339.21
1979.458	339.26
1979.542	337.54
1979.625	335.75
1979.708	333.98
1979.792	334.19
1979.875	335.31
1979.958	336.81
1980.042	337.9
1980.125	338.34
1980.208	340.01
1980.292	340.93
1980.375	341.48
1980.458	341.33
1980.542	339.4
1980.625	337.7
1980.708	336.19
1980.792	336.15
1980.875	337.27
1980.958	338.32
1981.042	339.29
1981.125	340.55
1981.208	341.61
1981.292	342.53
1981.375	343.03
1981.458	342.54
1981.542	340.78
1981.625	338.44
1981.708	336.95
1981.792	337.08
1981.875	338.58
1981.958	339.88
1982.042	340.96
1982.125	341.73
1982.208	342.81
1982.292	343.97
1982.375	344.63
1982.458	343.79
1982.542	342.32
1982.625	340.09
1982.708	338.28
1982.792	338.29
1982.875	339.6
1982.958	340.9
1983.042	341.68
1983.125	342.9
1983.208	343.33
1983.292	345.25
1983.375	346.03
1983.458	345.63
1983.542	344.19
1983.625	342.27
1983.708	340.35
1983.792	340.38
1983.875	341.59
1983.958	343.06
1984.042	344.1
1984.125	344.79
1984.208	345.52
1984.375	347.63
1984.458	346.98
1984.542	345.53
1984.625	343.55
1984.708	341.4
1984.792	341.67
1984.875	343.1
1984.958	344.7
1985.042	345.21
1985.125	346.16
1985.208	347.74
1985.292	348.34
1985.375	349.06
1985.458	348.38
1985.542	346.72
1985.625	345.02
1985.708	343.27
1985.792	343.13
1985.875	344.49
1985.958	345.89
1986.042	346.56
1986.125	347.28
1986.208	348.01
1986.292	349.77
1986.375	350.38
1986.458	349.93
1986.542	348.16
1986.625	346.08
1986.708	345.22
1986.792	344.51
1986.875	345.93
1986.958	347.21
1987.042	348.52
1987.125	348.73
1987.208	349.73
1987.292	351.31
1987.375	352.09
1987.458	351.53
1987.542	350.11
1987.625	348.08
1987.708	346.52
1987.792	346.59
1987.875	347.96
1987.958	349.16
1988.042	350.39
1988.125	351.64
1988.208	352.41
1988.292	353.69
1988.375	354.21
1988.458	353.72
1988.542	352.69
1988.625	350.4
1988.708	348.92
1988.792	349.13
1988.875	350.2
1988.958	351.41
1989.042	352.91
1989.125	353.27
1989.208	353.96
1989.292	355.64
1989.375	355.86
1989.458	355.37
1989.542	353.99
1989.625	351.81
1989.708	350.05
1989.792	350.25
1989.875	351.49
1989.958	352.85
1990.042	353.8
1990.125	355.04
1990.208	355.73
1990.292	356.32
1990.375	357.32
1990.458	356.34
1990.542	354.84
1990.625	353.01
1990.708	351.31
1990.792	351.62
1990.875	353.07
1990.958	354.33
1991.042	354.84
1991.125	355.73
1991.208	357.23
1991.292	358.66
1991.375	359.13
1991.458	358.13
1991.542	356.19
1991.625	353.85
1991.708	352.25
1991.792	352.35
1991.875	353.81
1991.958	355.12
1992.042	356.25
1992.125	357.11
1992.208	357.86
1992.292	359.09
1992.375	359.59
1992.458	359.33
1992.542	357.01
1992.625	354.94
1992.708	352.96
1992.792	353.32
1992.875	354.32
1992.958	355.57
1993.042	357
1993.125	357.31
1993.208	358.47
1993.292	359.27
1993.375	360.19
1993.458	359.52
1993.542	357.33
1993.625	355.64
1993.708	354.03
1993.792	354.12
1993.875	355.41
1993.958	356.91
1994.042	358.24
1994.125	358.92
1994.208	359.99
1994.292	361.23
1994.375	361.65
1994.458	360.81
1994.542	359.38
1994.625	357.46
1994.708	355.73
1994.792	356.08
1994.875	357.53
1994.958	358.98
1995.042	359.92
1995.125	360.86
1995.208	361.83
1995.292	363.3
1995.375	363.69
1995.458	363.19
1995.542	361.64
1995.625	359.12
1995.708	358.17
1995.792	357.99
1995.875	359.45
1995.958	360.68
1996.042	362.07
1996.125	363.24
1996.208	364.17
1996.292	364.57
1996.375	365.13
1996.458	364.92
1996.542	363.55
1996.625	361.38
1996.708	359.54
1996.792	359.58
1996.875	360.89
1996.958	362.25
1997.042	363.09
1997.125	364.03
1997.208	364.51
1997.292	366.35
1997.375	366.64
1997.458	365.59
1997.542	364.31
1997.625	362.25
1997.708	360.29
1997.792	360.82
1997.875	362.49
1997.958	364.38
1998.042	365.26
1998.125	365.98
1998.208	367.24
1998.292	368.66
1998.375	369.42
1998.458	368.99
1998.542	367.82
1998.625	365.95
1998.708	364.02
1998.792	364.4
1998.875	365.52
1998.958	367.13
1999.042	368.18
1999.125	369.07
1999.208	369.68
1999.292	370.99
1999.375	370.96
1999.458	370.3
1999.542	369.45
1999.625	366.9
1999.708	364.81
1999.792	365.37
1999.875	366.72
1999.958	368.1
2000.042	369.29
2000.125	369.54
2000.208	370.6
2000.292	371.82
2000.375	371.58
2000.458	371.7
2000.542	369.86
2000.625	368.13
2000.708	367
2000.792	367.03
2000.875	368.37
2000.958	369.67
2001.042	370.59
2001.125	371.51
2001.208	372.43
2001.292	373.37
2001.375	373.85
2001.458	373.21
2001.542	371.51
2001.625	369.61
2001.708	368.18
2001.792	368.45
2001.875	369.76
2001.958	371.24
2002.042	372.53
2002.125	373.2
2002.208	374.12
2002.292	375.02
2002.375	375.76
2002.458	375.52
2002.542	374.01
2002.625	371.85
2002.708	370.75
2002.792	370.55
2002.875	372.25
2002.958	373.79
2003.042	374.88
2003.125	375.64
2003.208	376.45
2003.292	377.73
2003.375	378.6
2003.458	378.28
2003.542	376.7
2003.625	374.38
2003.708	373.17
2003.792	373.15
2003.875	374.66
2003.958	375.99
2004.042	377
2004.125	377.87
2004.208	378.88
2004.292	380.35
2004.375	380.62
2004.458	379.69
2004.542	377.47
2004.625	376.01
2004.708	374.25
2004.792	374.46
2004.875	376.16
2004.958	377.51
2005.042	378.46
2005.125	379.73
2005.208	380.77
2005.292	382.29
2005.375	382.45
2005.458	382.21
2005.542	380.74
2005.625	378.74
2005.708	376.7
2005.792	377
2005.875	378.35
2005.958	380.11
2006.042	381.38
2006.125	382.19
2006.208	382.67
2006.292	384.61
2006.375	385.03
2006.458	384.05
2006.542	382.46
2006.625	380.41
2006.708	378.85
2006.792	379.13
2006.875	380.15
2006.958	381.82
2007.042	382.89
2007.125	383.9
2007.208	384.58
2007.292	386.5
2007.375	386.56
2007.458	386.1
2007.542	384.5
2007.625	381.99
2007.708	380.96
2007.792	381.12
2007.875	382.45
2007.958	383.95
2008.042	385.52
2008.125	385.82
2008.208	386.03
2008.292	387.21
2008.375	388.54
2008.458	387.76
2008.542	386.36
2008.625	384.09
2008.708	383.18
2008.792	382.99
2008.875	384.19
2008.958	385.56
2009.042	386.94
2009.125	387.48
2009.208	388.82
2009.292	389.55
2009.375	390.14
2009.458	389.48
2009.542	388.03
2009.625	386.11
2009.708	384.74
2009.792	384.43
2009.875	386.02
2009.958	387.42
2010.042	388.71
2010.125	390.2
2010.208	391.17
2010.292	392.46
2010.375	393
2010.458	392.15
2010.542	390.2
2010.625	388.35
2010.708	386.85
2010.792	387.24
2010.875	388.67
2010.958	389.79
2011.042	391.33
2011.125	391.86
2011.208	392.6
2011.292	393.25
2011.375	394.19
2011.458	393.74
2011.542	392.51
2011.625	390.13
2011.708	389.08
2011.792	389
2011.875	390.28
2011.958	391.86
2012.042	393.12
2012.125	393.86
2012.208	394.4
2012.292	396.18
2012.375	396.74
2012.458	395.71
2012.542	394.36
2012.625	392.39
2012.708	391.11
2012.792	391.05
2012.875	392.98
2012.958	394.34
2013.042	395.55
2013.125	396.8
2013.208	397.43
2013.292	398.41
2013.375	399.78
2013.458	398.61
2013.542	397.32
2013.625	395.2
2013.708	393.45
2013.792	393.7
2013.875	395.16
2013.958	396.84
2014.042	397.85
2014.125	398.01
2014.208	399.77
2014.292	401.38
2014.375	401.78
2014.458	401.25
2014.542	399.1
2014.625	397.03
2014.708	395.38
2014.792	396.03
2014.875	397.28
2014.958	398.91
2015.042	399.98
2015.125	400.28
2015.208	401.54
2015.292	403.28
2015.375	403.96
2015.458	402.8
2015.542	401.31
2015.625	398.93
2015.708	397.63
2015.792	398.29
2015.875	400.16
2015.958	401.85
2016.042	402.56
2016.125	404.12
2016.208	404.87
2016.292	407.45
2016.375	407.72
2016.458	406.83
2016.542	404.41
2016.625	402.27
2016.708	401.05
2016.792	401.59
2016.875	403.55
2016.958	404.45
2017.042	406.17
2017.125	406.46
2017.208	407.22
2017.292	409.04
2017.375	409.69
2017.458	408.88
2017.542	407.12
2017.625	405.13
2017.708	403.37
2017.792	403.63
2017.875	405.12
2017.958	406.81
2018.042	407.96
2018.125	408.32
2018.208	409.41
2018.292	410.24
2018.375	411.24
2018.458	410.79
2018.542	408.71
2018.625	406.99
2018.708	405.51
2018.792	406
2018.875	408.02