0	2.39E-25	9.93E+05	1.53E+06	2.04E+06	2.53E+06	3.65E+06	4.57E+06
0.0012788	50891	9.93E+05	1.53E+06	2.04E+06	2.53E+06	3.64E+06	4.56E+06
0.0025575	6.17E+05	9.91E+05	1.52E+06	2.03E+06	2.53E+06	3.64E+06	4.55E+06
0.0038363	1.27E+06	9.88E+05	1.52E+06	2.03E+06	2.52E+06	3.62E+06	4.54E+06
0.0051151	4.90E+05	9.83E+05	1.51E+06	2.02E+06	2.51E+06	3.61E+06	4.52E+06
0.0063939	6.53E+05	9.77E+05	1.50E+06	2.01E+06	2.49E+06	3.59E+06	4.49E+06
0.0076726	3.04E+06	9.70E+05	1.49E+06	1.99E+06	2.47E+06	3.56E+06	4.46E+06
0.0089514	3.35E+06	9.62E+05	1.48E+06	1.97E+06	2.45E+06	3.53E+06	4.42E+06
0.01023	9.96E+05	9.53E+05	1.46E+06	1.96E+06	2.43E+06	3.50E+06	4.38E+06
0.011509	1.34E+05	9.43E+05	1.45E+06	1.94E+06	2.41E+06	3.46E+06	4.33E+06
0.012788	6.30E+05	9.32E+05	1.43E+06	1.91E+06	2.38E+06	3.42E+06	4.28E+06
0.014066	5.26E+05	9.20E+05	1.41E+06	1.89E+06	2.35E+06	3.38E+06	4.23E+06
0.015345	5.30E+05	9.08E+05	1.39E+06	1.86E+06	2.31E+06	3.33E+06	4.17E+06
0.016624	5.37E+05	8.94E+05	1.37E+06	1.83E+06	2.28E+06	3.28E+06	4.11E+06
0.017903	6.69E+05	8.80E+05	1.35E+06	1.81E+06	2.24E+06	3.23E+06	4.04E+06
0.019182	6.59E+05	8.66E+05	1.33E+06	1.78E+06	2.21E+06	3.18E+06	3.98E+06
0.02046	1.70E+05	8.50E+05	1.31E+06	1.74E+06	2.17E+06	3.12E+06	3.91E+06
0.021739	7.76E+05	8.35E+05	1.28E+06	1.71E+06	2.13E+06	3.06E+06	3.84E+06
0.023018	1.27E+06	8.19E+05	1.26E+06	1.68E+06	2.09E+06	3.01E+06	3.76E+06
0.024297	9.57E+05	8.03E+05	1.23E+06	1.65E+06	2.05E+06	2.95E+06	3.69E+06
0.025575	4.90E+05	7.87E+05	1.21E+06	1.61E+06	2.01E+06	2.89E+06	3.62E+06
0.026854	2.34E+05	7.71E+05	1.18E+06	1.58E+06	1.96E+06	2.83E+06	3.54E+06
0.028133	1.30E+06	7.54E+05	1.16E+06	1.55E+06	1.92E+06	2.77E+06	3.47E+06
0.029412	1.60E+06	7.38E+05	1.13E+06	1.51E+06	1.88E+06	2.71E+06	3.39E+06
0.030691	1.18E+06	7.21E+05	1.11E+06	1.48E+06	1.84E+06	2.65E+06	3.31E+06
0.031969	1.20E+06	7.05E+05	1.08E+06	1.45E+06	1.80E+06	2.59E+06	3.24E+06
0.033248	7.74E+05	6.89E+05	1.06E+06	1.41E+06	1.76E+06	2.53E+06	3.16E+06
0.034527	3.06E+05	6.72E+05	1.03E+06	1.38E+06	1.71E+06	2.47E+06	3.09E+06
0.035806	2.11E+05	6.57E+05	1.01E+06	1.35E+06	1.67E+06	2.41E+06	3.02E+06
0.037084	1.51E+05	6.41E+05	9.85E+05	1.31E+06	1.63E+06	2.35E+06	2.94E+06
0.038363	64846	6.25E+05	9.61E+05	1.28E+06	1.59E+06	2.30E+06	2.87E+06
0.039642	46150	6.10E+05	9.37E+05	1.25E+06	1.56E+06	2.24E+06	2.80E+06
0.040921	1.80E+05	5.95E+05	9.14E+05	1.22E+06	1.52E+06	2.18E+06	2.73E+06
0.042199	4.03E+05	5.80E+05	8.92E+05	1.19E+06	1.48E+06	2.13E+06	2.67E+06
0.043478	9.04E+05	5.66E+05	8.70E+05	1.16E+06	1.44E+06	2.08E+06	2.60E+06
0.044757	1.50E+06	5.52E+05	8.48E+05	1.13E+06	1.41E+06	2.03E+06	2.54E+06
0.046036	1.30E+06	5.38E+05	8.27E+05	1.10E+06	1.37E+06	1.98E+06	2.47E+06
0.047315	5.77E+05	5.25E+05	8.06E+05	1.08E+06	1.34E+06	1.93E+06	2.41E+06
0.048593	77483	5.12E+05	7.86E+05	1.05E+06	1.30E+06	1.88E+06	2.35E+06
0.049872	44112	4.99E+05	7.66E+05	1.02E+06	1.27E+06	1.83E+06	2.29E+06
0.051151	1.52E+05	4.86E+05	7.47E+05	9.98E+05	1.24E+06	1.79E+06	2.24E+06
0.05243	2.56E+05	4.74E+05	7.29E+05	9.73E+05	1.21E+06	1.74E+06	2.18E+06
0.053708	1.74E+05	4.62E+05	7.11E+05	9.49E+05	1.18E+06	1.70E+06	2.12E+06
0.054987	1.26E+05	4.51E+05	6.93E+05	9.25E+05	1.15E+06	1.66E+06	2.07E+06
0.056266	32841	4.40E+05	6.76E+05	9.02E+05	1.12E+06	1.61E+06	2.02E+06
0.057545	1.34E+05	4.29E+05	6.59E+05	8.80E+05	1.09E+06	1.57E+06	1.97E+06
0.058824	70980	4.18E+05	6.43E+05	8.58E+05	1.07E+06	1.54E+06	1.92E+06
0.060102	3.03E+05	4.08E+05	6.27E+05	8.37E+05	1.04E+06	1.50E+06	1.88E+06
0.061381	1.68E+05	3.98E+05	6.12E+05	8.17E+05	1.02E+06	1.46E+06	1.83E+06
0.06266	1.95E+05	3.88E+05	5.97E+05	7.97E+05	9.90E+05	1.43E+06	1.78E+06
0.063939	2.35E+05	3.79E+05	5.82E+05	7.78E+05	9.66E+05	1.39E+06	1.74E+06
0.065217	3.92E+05	3.70E+05	5.68E+05	7.59E+05	9.43E+05	1.36E+06	1.70E+06
0.066496	1.07E+06	3.61E+05	5.55E+05	7.41E+05	9.21E+05	1.33E+06	1.66E+06
0.067775	4.63E+05	3.52E+05	5.42E+05	7.23E+05	8.99E+05	1.29E+06	1.62E+06
0.069054	41969	3.44E+05	5.29E+05	7.06E+05	8.78E+05	1.26E+06	1.58E+06
0.070332	2.73E+05	3.36E+05	5.16E+05	6.89E+05	8.57E+05	1.23E+06	1.54E+06
0.071611	2.33E+05	3.28E+05	5.04E+05	6.73E+05	8.37E+05	1.20E+06	1.51E+06
0.07289	1.64E+05	3.21E+05	4.93E+05	6.58E+05	8.18E+05	1.18E+06	1.47E+06
0.074169	1.83E+05	3.13E+05	4.81E+05	6.43E+05	7.99E+05	1.15E+06	1.44E+06
0.075448	1.99E+05	3.06E+05	4.70E+05	6.28E+05	7.81E+05	1.12E+06	1.41E+06
0.076726	2.47E+05	2.99E+05	4.60E+05	6.14E+05	7.63E+05	1.10E+06	1.37E+06
0.078005	6.21E+05	2.92E+05	4.49E+05	6.00E+05	7.46E+05	1.07E+06	1.34E+06
0.079284	9.06E+05	2.86E+05	4.39E+05	5.87E+05	7.29E+05	1.05E+06	1.31E+06
0.080563	3.84E+05	2.80E+05	4.30E+05	5.74E+05	7.13E+05	1.03E+06	1.28E+06
0.081841	2.65E+05	2.73E+05	4.20E+05	5.61E+05	6.97E+05	1.00E+06	1.26E+06
0.08312	3.44E+05	2.67E+05	4.11E+05	5.49E+05	6.82E+05	9.82E+05	1.23E+06
0.084399	3.04E+05	2.62E+05	4.02E+05	5.37E+05	6.67E+05	9.60E+05	1.20E+06
0.085678	2.11E+05	2.56E+05	3.93E+05	5.25E+05	6.53E+05	9.40E+05	1.18E+06
0.086957	1.34E+05	2.51E+05	3.85E+05	5.14E+05	6.39E+05	9.20E+05	1.15E+06
0.088235	48888	2.45E+05	3.77E+05	5.03E+05	6.26E+05	9.00E+05	1.13E+06
0.089514	1.25E+05	2.40E+05	3.69E+05	4.93E+05	6.12E+05	8.82E+05	1.10E+06
0.090793	2.21E+05	2.35E+05	3.61E+05	4.83E+05	6.00E+05	8.63E+05	1.08E+06
0.092072	2.63E+05	2.30E+05	3.54E+05	4.73E+05	5.87E+05	8.45E+05	1.06E+06
0.09335	1.95E+05	2.26E+05	3.47E+05	4.63E+05	5.75E+05	8.28E+05	1.04E+06
0.094629	2.65E+05	2.21E+05	3.40E+05	4.54E+05	5.64E+05	8.11E+05	1.02E+06
0.095908	3.52E+05	2.17E+05	3.33E+05	4.44E+05	5.52E+05	7.95E+05	9.95E+05
0.097187	1.93E+05	2.12E+05	3.26E+05	4.36E+05	5.41E+05	7.79E+05	9.76E+05
0.098465	74017	2.08E+05	3.20E+05	4.27E+05	5.31E+05	7.64E+05	9.56E+05
0.099744	85045	2.04E+05	3.14E+05	4.19E+05	5.20E+05	7.49E+05	9.38E+05
0.10102	1.32E+05	2.00E+05	3.07E+05	4.10E+05	5.10E+05	7.34E+05	9.19E+05
0.1023	74417	1.96E+05	3.02E+05	4.03E+05	5.00E+05	7.20E+05	9.02E+05
0.10358	3.02E+05	1.92E+05	2.96E+05	3.95E+05	4.91E+05	7.06E+05	8.84E+05
0.10486	2.23E+05	1.89E+05	2.90E+05	3.87E+05	4.81E+05	6.93E+05	8.68E+05
0.10614	92984	1.85E+05	2.85E+05	3.80E+05	4.72E+05	6.80E+05	8.51E+05
0.10742	89206	1.82E+05	2.79E+05	3.73E+05	4.64E+05	6.67E+05	8.36E+05
0.1087	1.70E+05	1.78E+05	2.74E+05	3.66E+05	4.55E+05	6.55E+05	8.20E+05
0.10997	5.50E+05	1.75E+05	2.69E+05	3.59E+05	4.47E+05	6.43E+05	8.05E+05
0.11125	4.82E+05	1.72E+05	2.64E+05	3.53E+05	4.39E+05	6.31E+05	7.91E+05
0.11253	1.16E+05	1.69E+05	2.60E+05	3.47E+05	4.31E+05	6.20E+05	7.76E+05
0.11381	1.44E+05	1.66E+05	2.55E+05	3.40E+05	4.23E+05	6.09E+05	7.63E+05
0.11509	2.48E+05	1.63E+05	2.50E+05	3.34E+05	4.16E+05	5.98E+05	7.49E+05
0.11637	4.15E+05	1.60E+05	2.46E+05	3.29E+05	4.08E+05	5.88E+05	7.36E+05
0.11765	3.21E+05	1.57E+05	2.42E+05	3.23E+05	4.01E+05	5.78E+05	7.23E+05
0.11893	1.72E+05	1.55E+05	2.38E+05	3.17E+05	3.94E+05	5.68E+05	7.11E+05
0.1202	1.55E+05	1.52E+05	2.34E+05	3.12E+05	3.88E+05	5.58E+05	6.99E+05
0.12148	1.88E+05	1.49E+05	2.30E+05	3.07E+05	3.81E+05	5.48E+05	6.87E+05
0.12276	1.56E+05	1.47E+05	2.26E+05	3.01E+05	3.75E+05	5.39E+05	6.75E+05
0.12404	1.30E+05	1.44E+05	2.22E+05	2.96E+05	3.68E+05	5.30E+05	6.64E+05
0.12532	37261	1.42E+05	2.18E+05	2.92E+05	3.62E+05	5.22E+05	6.53E+05
0.1266	95940	1.40E+05	2.15E+05	2.87E+05	3.56E+05	5.13E+05	6.42E+05
0.12788	78723	1.38E+05	2.11E+05	2.82E+05	3.51E+05	5.05E+05	6.32E+05
0.12916	66044	1.35E+05	2.08E+05	2.78E+05	3.45E+05	4.97E+05	6.22E+05
0.13043	1.19E+05	1.33E+05	2.05E+05	2.73E+05	3.39E+05	4.89E+05	6.12E+05
0.13171	75181	1.31E+05	2.01E+05	2.69E+05	3.34E+05	4.81E+05	6.02E+05
0.13299	1.54E+05	1.29E+05	1.98E+05	2.65E+05	3.29E+05	4.73E+05	5.93E+05
0.13427	1.70E+05	1.27E+05	1.95E+05	2.60E+05	3.24E+05	4.66E+05	5.83E+05
0.13555	1.82E+05	1.25E+05	1.92E+05	2.56E+05	3.19E+05	4.59E+05	5.74E+05
0.13683	93772	1.23E+05	1.89E+05	2.53E+05	3.14E+05	4.52E+05	5.66E+05
0.13811	64625	1.21E+05	1.86E+05	2.49E+05	3.09E+05	4.45E+05	5.57E+05
0.13939	80473	1.19E+05	1.83E+05	2.45E+05	3.04E+05	4.38E+05	5.49E+05
0.14066	1.15E+05	1.18E+05	1.81E+05	2.41E+05	3.00E+05	4.32E+05	5.41E+05
0.14194	78124	1.16E+05	1.78E+05	2.38E+05	2.95E+05	4.25E+05	5.33E+05
0.14322	88840	1.14E+05	1.75E+05	2.34E+05	2.91E+05	4.19E+05	5.25E+05
0.1445	2.85E+05	1.13E+05	1.73E+05	2.31E+05	2.87E+05	4.13E+05	5.17E+05
0.14578	1.41E+05	1.11E+05	1.70E+05	2.28E+05	2.83E+05	4.07E+05	5.10E+05
0.14706	1.26E+05	1.09E+05	1.68E+05	2.24E+05	2.79E+05	4.01E+05	5.02E+05
0.14834	1.40E+05	1.08E+05	1.66E+05	2.21E+05	2.75E+05	3.96E+05	4.95E+05
0.14962	2.75E+05	1.06E+05	1.63E+05	2.18E+05	2.71E+05	3.90E+05	4.88E+05
0.1509	5.14E+05	1.05E+05	1.61E+05	2.15E+05	2.67E+05	3.85E+05	4.81E+05
0.15217	2.12E+05	1.03E+05	1.59E+05	2.12E+05	2.63E+05	3.79E+05	4.75E+05
0.15345	35706	1.02E+05	1.57E+05	2.09E+05	2.60E+05	3.74E+05	4.68E+05
0.15473	1.34E+05	1.01E+05	1.54E+05	2.06E+05	2.56E+05	3.69E+05	4.62E+05
0.15601	2.07E+05	99139	1.52E+05	2.03E+05	2.53E+05	3.64E+05	4.56E+05
0.15729	1.44E+05	97810	1.50E+05	2.01E+05	2.49E+05	3.59E+05	4.49E+05
0.15857	39208	96510	1.48E+05	1.98E+05	2.46E+05	3.54E+05	4.44E+05
0.15985	23892	95237	1.46E+05	1.95E+05	2.43E+05	3.50E+05	4.38E+05
0.16113	2.25E+05	93991	1.44E+05	1.93E+05	2.40E+05	3.45E+05	4.32E+05
0.1624	5.11E+05	92771	1.43E+05	1.90E+05	2.37E+05	3.41E+05	4.26E+05
0.16368	3.72E+05	91577	1.41E+05	1.88E+05	2.34E+05	3.36E+05	4.21E+05
0.16496	1.31E+05	90408	1.39E+05	1.85E+05	2.31E+05	3.32E+05	4.15E+05
0.16624	1.33E+05	89262	1.37E+05	1.83E+05	2.28E+05	3.28E+05	4.10E+05
0.16752	1.37E+05	88140	1.35E+05	1.81E+05	2.25E+05	3.24E+05	4.05E+05
0.1688	1.40E+05	87041	1.34E+05	1.79E+05	2.22E+05	3.19E+05	4.00E+05
0.17008	1.14E+05	85965	1.32E+05	1.76E+05	2.19E+05	3.16E+05	3.95E+05
0.17136	99489	84910	1.30E+05	1.74E+05	2.17E+05	3.12E+05	3.90E+05
0.17263	71896	83876	1.29E+05	1.72E+05	2.14E+05	3.08E+05	3.85E+05
0.17391	38375	82863	1.27E+05	1.70E+05	2.11E+05	3.04E+05	3.81E+05
0.17519	76958	81870	1.26E+05	1.68E+05	2.09E+05	3.01E+05	3.76E+05
0.17647	2.00E+05	80897	1.24E+05	1.66E+05	2.06E+05	2.97E+05	3.72E+05
0.17775	1.50E+05	79943	1.23E+05	1.64E+05	2.04E+05	2.93E+05	3.67E+05
0.17903	26103	79007	1.21E+05	1.62E+05	2.01E+05	2.90E+05	3.63E+05
0.18031	1.92E+05	78090	1.20E+05	1.60E+05	1.99E+05	2.87E+05	3.59E+05
0.18159	1.78E+05	77190	1.19E+05	1.58E+05	1.97E+05	2.83E+05	3.55E+05
0.18286	45051	76308	1.17E+05	1.57E+05	1.95E+05	2.80E+05	3.51E+05
0.18414	49018	75442	1.16E+05	1.55E+05	1.92E+05	2.77E+05	3.47E+05
0.18542	37549	74593	1.15E+05	1.53E+05	1.90E+05	2.74E+05	3.43E+05
0.1867	1.32E+05	73760	1.13E+05	1.51E+05	1.88E+05	2.71E+05	3.39E+05
0.18798	1.37E+05	72943	1.12E+05	1.50E+05	1.86E+05	2.68E+05	3.35E+05
0.18926	55609	72141	1.11E+05	1.48E+05	1.84E+05	2.65E+05	3.32E+05
0.19054	67590	71354	1.10E+05	1.46E+05	1.82E+05	2.62E+05	3.28E+05
0.19182	1.63E+05	70582	1.08E+05	1.45E+05	1.80E+05	2.59E+05	3.24E+05
0.19309	1.44E+05	69824	1.07E+05	1.43E+05	1.78E+05	2.56E+05	3.21E+05
0.19437	1.87E+05	69080	1.06E+05	1.42E+05	1.76E+05	2.54E+05	3.17E+05
0.19565	2.00E+05	68349	1.05E+05	1.40E+05	1.74E+05	2.51E+05	3.14E+05
0.19693	47067	67632	1.04E+05	1.39E+05	1.72E+05	2.48E+05	3.11E+05
0.19821	27500	66927	1.03E+05	1.37E+05	1.71E+05	2.46E+05	3.08E+05
0.19949	20611	66236	1.02E+05	1.36E+05	1.69E+05	2.43E+05	3.04E+05
0.20077	98217	65557	1.01E+05	1.35E+05	1.67E+05	2.41E+05	3.01E+05
0.20205	1.74E+05	64889	99710	1.33E+05	1.65E+05	2.38E+05	2.98E+05
0.20332	1.39E+05	64234	98703	1.32E+05	1.64E+05	2.36E+05	2.95E+05
0.2046	17321	63590	97713	1.30E+05	1.62E+05	2.33E+05	2.92E+05
0.20588	81526	62958	96742	1.29E+05	1.61E+05	2.31E+05	2.89E+05
0.20716	67309	62337	95787	1.28E+05	1.59E+05	2.29E+05	2.86E+05
0.20844	1.10E+05	61726	94849	1.27E+05	1.57E+05	2.27E+05	2.84E+05
0.20972	1.12E+05	61126	93927	1.25E+05	1.56E+05	2.24E+05	2.81E+05
0.211	32199	60536	93021	1.24E+05	1.54E+05	2.22E+05	2.78E+05
0.21228	1.10E+05	59957	92130	1.23E+05	1.53E+05	2.20E+05	2.76E+05
0.21355	1.08E+05	59387	91255	1.22E+05	1.51E+05	2.18E+05	2.73E+05
0.21483	1.45E+05	58828	90395	1.21E+05	1.50E+05	2.16E+05	2.70E+05
0.21611	1.95E+05	58277	89549	1.20E+05	1.49E+05	2.14E+05	2.68E+05
0.21739	59728	57736	88718	1.18E+05	1.47E+05	2.12E+05	2.65E+05
0.21867	16165	57204	87900	1.17E+05	1.46E+05	2.10E+05	2.63E+05
0.21995	21675	56681	87096	1.16E+05	1.45E+05	2.08E+05	2.60E+05
0.22123	39118	56167	86306	1.15E+05	1.43E+05	2.06E+05	2.58E+05
0.22251	80103	55661	85529	1.14E+05	1.42E+05	2.04E+05	2.56E+05
0.22379	1.03E+05	55163	84764	1.13E+05	1.41E+05	2.02E+05	2.54E+05
0.22506	85004	54674	84012	1.12E+05	1.39E+05	2.01E+05	2.51E+05
0.22634	1.44E+05	54193	83273	1.11E+05	1.38E+05	1.99E+05	2.49E+05
0.22762	1.27E+05	53719	82545	1.10E+05	1.37E+05	1.97E+05	2.47E+05
0.2289	31938	53253	81829	1.09E+05	1.36E+05	1.95E+05	2.45E+05
0.23018	15261	52795	81125	1.08E+05	1.35E+05	1.94E+05	2.43E+05
0.23146	1.13E+05	52344	80432	1.07E+05	1.33E+05	1.92E+05	2.41E+05
0.23274	1.45E+05	51901	79751	1.06E+05	1.32E+05	1.91E+05	2.39E+05
0.23402	34031	51464	79080	1.06E+05	1.31E+05	1.89E+05	2.37E+05
0.23529	81844	51034	78420	1.05E+05	1.30E+05	1.87E+05	2.35E+05
0.23657	1.62E+05	50612	77770	1.04E+05	1.29E+05	1.86E+05	2.33E+05
0.23785	2.16E+05	50196	77131	1.03E+05	1.28E+05	1.84E+05	2.31E+05
0.23913	35884	49786	76502	1.02E+05	1.27E+05	1.83E+05	2.29E+05
0.24041	45896	49383	75882	1.01E+05	1.26E+05	1.81E+05	2.27E+05
0.24169	24760	48986	75272	1.01E+05	1.25E+05	1.80E+05	2.25E+05
0.24297	66043	48595	74672	99698	1.24E+05	1.78E+05	2.23E+05
0.24425	18000	48211	74081	98909	1.23E+05	1.77E+05	2.22E+05
0.24552	72630	47832	73499	98132	1.22E+05	1.76E+05	2.20E+05
0.2468	64578	47459	72926	97367	1.21E+05	1.74E+05	2.18E+05
0.24808	62009	47092	72362	96614	1.20E+05	1.73E+05	2.16E+05
0.24936	70150	46731	71807	95872	1.19E+05	1.72E+05	2.15E+05
0.25064	33305	46375	71260	95142	1.18E+05	1.70E+05	2.13E+05
0.25192	41582	46024	70721	94423	1.17E+05	1.69E+05	2.12E+05
0.2532	44544	45679	70190	93714	1.16E+05	1.68E+05	2.10E+05
0.25448	24180	45339	69668	93017	1.16E+05	1.66E+05	2.08E+05
0.25575	45557	45004	69153	92329	1.15E+05	1.65E+05	2.07E+05
0.25703	1.45E+05	44674	68646	91653	1.14E+05	1.64E+05	2.05E+05
0.25831	54544	44349	68147	90986	1.13E+05	1.63E+05	2.04E+05
0.25959	65104	44029	67655	90329	1.12E+05	1.62E+05	2.02E+05
0.26087	87250	43713	67170	89682	1.11E+05	1.60E+05	2.01E+05
0.26215	56967	43403	66693	89044	1.11E+05	1.59E+05	1.99E+05
0.26343	11174	43096	66222	88416	1.10E+05	1.58E+05	1.98E+05
0.26471	38441	42795	65759	87797	1.09E+05	1.57E+05	1.97E+05
0.26598	59748	42497	65302	87187	1.08E+05	1.56E+05	1.95E+05
0.26726	21355	42205	64852	86587	1.08E+05	1.55E+05	1.94E+05
0.26854	88313	41916	64408	85994	1.07E+05	1.54E+05	1.93E+05
0.26982	1.39E+05	41632	63971	85411	1.06E+05	1.53E+05	1.91E+05
0.2711	90331	41351	63541	84836	1.05E+05	1.52E+05	1.90E+05
0.27238	35071	41075	63116	84269	1.05E+05	1.51E+05	1.89E+05
0.27366	25677	40803	62698	83711	1.04E+05	1.50E+05	1.88E+05
0.27494	12075	40534	62285	83160	1.03E+05	1.49E+05	1.86E+05
0.27621	15722	40270	61879	82617	1.03E+05	1.48E+05	1.85E+05
0.27749	19343	40009	61478	82083	1.02E+05	1.47E+05	1.84E+05
0.27877	21952	39752	61084	81555	1.01E+05	1.46E+05	1.83E+05
0.28005	22124	39499	60694	81036	1.01E+05	1.45E+05	1.82E+05
0.28133	16151	39249	60311	80523	1.00E+05	1.44E+05	1.80E+05
0.28261	14601	39003	59932	80018	99453	1.43E+05	1.79E+05
0.28389	6204.5	38760	59559	79520	98834	1.42E+05	1.78E+05
0.28517	6658.7	38521	59192	79029	98224	1.41E+05	1.77E+05
0.28645	44688	38285	58829	78545	97623	1.41E+05	1.76E+05
0.28772	82588	38053	58472	78068	97030	1.40E+05	1.75E+05
0.289	71112	37823	58119	77598	96445	1.39E+05	1.74E+05
0.29028	63038	37597	57772	77134	95868	1.38E+05	1.73E+05
0.29156	30327	37374	57429	76676	95300	1.37E+05	1.72E+05
0.29284	33329	37154	57092	76225	94739	1.36E+05	1.71E+05
0.29412	23283	36937	56758	75781	94186	1.36E+05	1.70E+05
0.2954	1.12E+05	36724	56430	75342	93641	1.35E+05	1.69E+05
0.29668	1.43E+05	36513	56106	74910	93104	1.34E+05	1.68E+05
0.29795	68170	36305	55787	74483	92574	1.33E+05	1.67E+05
0.29923	23481	36100	55471	74062	92051	1.33E+05	1.66E+05
0.30051	10139	35898	55161	73648	91535	1.32E+05	1.65E+05
0.30179	57283	35698	54854	73238	91027	1.31E+05	1.64E+05
0.30307	1.08E+05	35502	54552	72835	90525	1.30E+05	1.63E+05
0.30435	59162	35308	54254	72437	90031	1.30E+05	1.62E+05
0.30563	3100	35116	53960	72045	89543	1.29E+05	1.61E+05
0.30691	38237	34928	53670	71658	89062	1.28E+05	1.61E+05
0.30818	26733	34742	53384	71276	88587	1.28E+05	1.60E+05
0.30946	14883	34558	53102	70899	88119	1.27E+05	1.59E+05
0.31074	6804.3	34377	52824	70528	87658	1.26E+05	1.58E+05
0.31202	12901	34199	52550	70161	87202	1.26E+05	1.57E+05
0.3133	2967.3	34022	52279	69800	86753	1.25E+05	1.56E+05
0.31458	10325	33849	52012	69444	86310	1.24E+05	1.56E+05
0.31586	12228	33677	51749	69092	85873	1.24E+05	1.55E+05
0.31714	47987	33508	51489	68745	85442	1.23E+05	1.54E+05
0.31841	51947	33342	51233	68403	85017	1.22E+05	1.53E+05
0.31969	21365	33177	50980	68066	84598	1.22E+05	1.52E+05
0.32097	7505.7	33015	50731	67733	84184	1.21E+05	1.52E+05
0.32225	25907	32855	50485	67405	83776	1.21E+05	1.51E+05
0.32353	22517	32697	50242	67081	83373	1.20E+05	1.50E+05
0.32481	8415.7	32541	50003	66761	82976	1.19E+05	1.50E+05
0.32609	8920.3	32388	49767	66446	82584	1.19E+05	1.49E+05
0.32737	19632	32236	49534	66135	82198	1.18E+05	1.48E+05
0.32864	16556	32086	49304	65828	81817	1.18E+05	1.47E+05
0.32992	33029	31939	49078	65526	81441	1.17E+05	1.47E+05
0.3312	94073	31794	48854	65227	81070	1.17E+05	1.46E+05
0.33248	77352	31650	48634	64933	80704	1.16E+05	1.45E+05
0.33376	12420	31509	48416	64643	80343	1.16E+05	1.45E+05
0.33504	45496	31369	48202	64356	79987	1.15E+05	1.44E+05
0.33632	19217	31231	47990	64074	79636	1.15E+05	1.44E+05
0.3376	45299	31095	47781	63795	79290	1.14E+05	1.43E+05
0.33887	45624	30961	47575	63520	78948	1.14E+05	1.42E+05
0.34015	33941	30829	47372	63249	78611	1.13E+05	1.42E+05
0.34143	50348	30699	47172	62981	78278	1.13E+05	1.41E+05
0.34271	17202	30570	46974	62718	77950	1.12E+05	1.40E+05
0.34399	24206	30443	46779	62457	77627	1.12E+05	1.40E+05
0.34527	10186	30318	46587	62201	77308	1.11E+05	1.39E+05
0.34655	14379	30195	46398	61947	76993	1.11E+05	1.39E+05
0.34783	19443	30073	46210	61698	76683	1.10E+05	1.38E+05
0.3491	24168	29953	46026	61451	76377	1.10E+05	1.38E+05
0.35038	282.56	29835	45844	61208	76075	1.10E+05	1.37E+05
0.35166	21747	29718	45665	60969	75777	1.09E+05	1.37E+05
0.35294	7471.1	29603	45488	60732	75483	1.09E+05	1.36E+05
0.35422	20243	29489	45313	60499	75194	1.08E+05	1.36E+05
0.3555	8624.9	29377	45141	60270	74908	1.08E+05	1.35E+05
0.35678	28691	29267	44971	60043	74626	1.07E+05	1.34E+05
0.35806	32537	29158	44804	59819	74349	1.07E+05	1.34E+05
0.35934	19167	29050	44639	59599	74075	1.07E+05	1.34E+05
0.36061	16120	28944	44476	59382	73805	1.06E+05	1.33E+05
0.36189	21487	28840	44315	59167	73538	1.06E+05	1.33E+05
0.36317	32591	28737	44157	58956	73276	1.05E+05	1.32E+05
0.36445	28046	28635	44001	58748	73017	1.05E+05	1.32E+05
0.36573	27440	28535	43847	58543	72761	1.05E+05	1.31E+05
0.36701	26541	28436	43696	58340	72510	1.04E+05	1.31E+05
0.36829	24898	28339	43546	58140	72262	1.04E+05	1.30E+05
0.36957	11505	28243	43399	57944	72017	1.04E+05	1.30E+05
0.37084	21411	28149	43254	57750	71776	1.03E+05	1.29E+05
0.37212	36948	28056	43110	57558	71538	1.03E+05	1.29E+05
0.3734	33713	27964	42969	57370	71304	1.03E+05	1.29E+05
0.37468	13379	27873	42830	57184	71073	1.02E+05	1.28E+05
0.37596	18769	27784	42693	57001	70846	1.02E+05	1.28E+05
0.37724	38182	27696	42558	56821	70622	1.02E+05	1.27E+05
0.37852	39306	27609	42425	56643	70401	1.01E+05	1.27E+05
0.3798	17661	27524	42293	56468	70183	1.01E+05	1.26E+05
0.38107	18846	27440	42164	56295	69968	1.01E+05	1.26E+05
0.38235	4878.1	27357	42037	56125	69757	1.00E+05	1.26E+05
0.38363	5590.5	27275	41911	55958	69549	1.00E+05	1.25E+05
0.38491	19769	27195	41788	55793	69344	99817	1.25E+05
0.38619	35101	27116	41666	55630	69142	99527	1.25E+05
0.38747	33416	27038	41546	55470	68943	99240	1.24E+05
0.38875	41807	26961	41428	55312	68747	98958	1.24E+05
0.39003	76050	26885	41312	55157	68554	98680	1.24E+05
0.3913	46733	26811	41197	55004	68364	98407	1.23E+05
0.39258	8812.6	26737	41085	54854	68177	98138	1.23E+05
0.39386	6819	26665	40974	54706	67993	97873	1.23E+05
0.39514	1886.4	26594	40864	54560	67811	97612	1.22E+05
0.39642	4131.7	26524	40757	54416	67633	97355	1.22E+05
0.3977	7631.2	26455	40651	54275	67457	97102	1.22E+05
0.39898	34594	26387	40547	54136	67284	96853	1.21E+05
0.40026	21603	26321	40444	53999	67114	96608	1.21E+05
0.40153	11226	26255	40344	53864	66947	96368	1.21E+05
0.40281	5380.9	26190	40244	53732	66783	96131	1.20E+05
0.40409	11130	26127	40147	53602	66621	95898	1.20E+05
0.40537	18213	26064	40051	53474	66461	95668	1.20E+05
0.40665	25019	26003	39957	53348	66305	95443	1.20E+05
0.40793	9587.1	25943	39864	53224	66151	95222	1.19E+05
0.40921	9672.4	25883	39773	53102	66000	95004	1.19E+05
0.41049	5328.1	25825	39683	52983	65851	94790	1.19E+05
0.41176	2195.7	25768	39595	52865	65705	94580	1.18E+05
0.41304	5616.3	25711	39508	52749	65561	94373	1.18E+05
0.41432	23678	25656	39423	52636	65420	94170	1.18E+05
0.4156	17675	25602	39340	52525	65282	93970	1.18E+05
0.41688	17826	25549	39258	52415	65146	93775	1.17E+05
0.41816	19360	25496	39178	52308	65012	93582	1.17E+05
0.41944	41917	25445	39099	52202	64881	93394	1.17E+05
0.42072	38058	25394	39021	52099	64752	93208	1.17E+05
0.42199	30497	25345	38945	51997	64626	93027	1.16E+05
0.42327	56744	25296	38870	51897	64502	92848	1.16E+05
0.42455	38464	25249	38797	51800	64381	92674	1.16E+05
0.42583	29321	25202	38725	51704	64262	92502	1.16E+05
0.42711	16490	25156	38655	51610	64145	92334	1.16E+05
0.42839	30484	25111	38586	51518	64031	92170	1.15E+05
0.42967	38947	25067	38519	51428	63919	92008	1.15E+05
0.43095	29084	25024	38452	51339	63809	91850	1.15E+05
0.43223	25864	24982	38388	51253	63701	91696	1.15E+05
0.4335	26042	24941	38324	51168	63596	91544	1.15E+05
0.43478	35579	24900	38262	51086	63493	91396	1.14E+05
0.43606	5972.2	24861	38202	51005	63393	91251	1.14E+05
0.43734	12883	24822	38142	50925	63294	91109	1.14E+05
0.43862	29990	24785	38084	50848	63198	90971	1.14E+05
0.4399	48296	24748	38028	50772	63104	90836	1.14E+05
0.44118	26763	24712	37972	50698	63012	90703	1.14E+05
0.44246	9083.2	24677	37918	50626	62923	90574	1.13E+05
0.44373	36866	24642	37866	50556	62835	90449	1.13E+05
0.44501	11284	24609	37814	50487	62750	90326	1.13E+05
0.44629	4126.4	24576	37764	50421	62667	90206	1.13E+05
0.44757	4659.2	24545	37715	50355	62586	90090	1.13E+05
0.44885	20407	24514	37668	50292	62507	89976	1.13E+05
0.45013	15866	24484	37622	50230	62430	89866	1.13E+05
0.45141	12089	24454	37577	50170	62356	89758	1.12E+05
0.45269	15040	24426	37533	50112	62283	89654	1.12E+05
0.45396	1933.9	24398	37490	50055	62213	89553	1.12E+05
0.45524	10103	24371	37449	50000	62144	89454	1.12E+05
0.45652	14070	24345	37409	49947	62078	89359	1.12E+05
0.4578	17903	24320	37371	49895	62014	89266	1.12E+05
0.45908	21028	24296	37333	49845	61952	89177	1.12E+05
0.46036	14718	24272	37297	49797	61892	89090	1.12E+05
0.46164	7531.9	24250	37262	49750	61834	89007	1.11E+05
0.46292	2628.5	24228	37228	49705	61778	88926	1.11E+05
0.46419	10022	24206	37196	49662	61724	88849	1.11E+05
0.46547	9889.3	24186	37164	49620	61672	88774	1.11E+05
0.46675	3053.8	24166	37134	49580	61622	88702	1.11E+05
0.46803	3691	24148	37106	49541	61574	88633	1.11E+05
0.46931	7305.3	24130	37078	49504	61528	88567	1.11E+05
0.47059	5407	24112	37051	49469	61484	88504	1.11E+05
0.47187	6624.2	24096	37026	49435	61442	88443	1.11E+05
0.47315	13031	24080	37002	49403	61402	88386	1.11E+05
0.47442	14342	24065	36979	49372	61364	88331	1.11E+05
0.4757	3308.2	24051	36957	49343	61328	88279	1.11E+05
0.47698	4555.4	24038	36937	49316	61294	88230	1.10E+05
0.47826	16656	24025	36918	49290	61262	88184	1.10E+05
0.47954	28772	24014	36899	49266	61232	88141	1.10E+05
0.48082	15415	24003	36883	49243	61204	88100	1.10E+05
0.4821	2421.3	23992	36867	49222	61178	88063	1.10E+05
0.48338	14077	23983	36852	49203	61153	88028	1.10E+05
0.48465	8000.4	23974	36839	49185	61131	87996	1.10E+05
0.48593	5712	23966	36826	49169	61111	87966	1.10E+05
0.48721	6514.7	23959	36815	49154	61092	87940	1.10E+05
0.48849	13029	23952	36805	49141	61076	87916	1.10E+05
0.48977	22180	23947	36797	49129	61061	87895	1.10E+05
0.49105	31150	23942	36789	49119	61049	87877	1.10E+05
0.49233	21463	23938	36783	49110	61038	87862	1.10E+05
0.49361	13837	23934	36778	49103	61030	87849	1.10E+05
0.49488	2401.9	23932	36773	49098	61023	87840	1.10E+05
0.49616	6452.7	23930	36771	49094	61018	87833	1.10E+05
0.49744	6177.8	23929	36769	49092	61015	87829	1.10E+05
0.49872	9252.8	23928	36768	49091	61014	87827	1.10E+05