-176,-291.933919
-175.9,-242.091751
-175.8,-192.250381
-175.7,-142.409813
-175.6,-92.5700507
-175.5,-42.7310978
-175.4,-16.2729581
-175.3,10.1843646
-175.2,36.6408666
-175.1,63.0965441
-175,89.5513931
-174.9,64.98541
-174.8,40.418591
-174.7,15.8509322
-174.6,-8.71756992
-174.5,-33.2869192
-174.4,12.1628805
-174.3,57.6118256
-174.2,103.059912
-174.1,148.507137
-174,193.953495
-173.9,168.978984
-173.8,144.0036
-173.7,119.027338
-173.6,94.0501973
-173.5,69.0721726
-173.4,88.8132611
-173.3,108.553459
-173.2,128.292764
-173.1,148.031172
-173,167.76868
-172.9,176.845285
-172.8,185.920984
-172.7,194.995774
-172.6,204.069652
-172.5,213.142615
-172.4,220.514661
-172.3,227.885787
-172.2,235.25599
-172.1,242.625268
-172,249.993619
-171.9,279.16104
-171.8,308.32753
-171.7,337.493087
-171.6,366.657708
-171.5,395.821392
-171.4,337.344138
-171.3,278.865945
-171.2,220.386811
-171.1,161.906735
-171,103.425716
-170.9,72.8037541
-170.8,42.1808479
-170.7,11.556997
-170.6,-19.0677996
-170.5,-49.6935423
-170.4,-32.720232
-170.3,-15.7478692
-170.2,1.22354526
-170.1,18.1940108
-170,35.1635266
-169.9,44.8320921
-169.8,54.4997066
-169.7,64.1663696
-169.6,73.8320804
-169.5,83.4968384
-169.4,155.040643
-169.3,226.583494
-169.2,298.125391
-169.1,369.666334
-169,441.206322
-168.9,364.545356
-168.8,287.883436
-168.7,211.220562
-168.6,134.556735
-168.5,57.8919555
-168.4,25.3262241
-168.3,-7.24045819
-168.2,-39.8080907
-168.1,-72.3766725
-168,-104.946203
-167.9,-97.7966808
-167.8,-90.6481057
-167.7,-83.5004767
-167.6,-76.3537931
-167.5,-69.2080542
-167.4,-38.2432593
-167.3,-7.27940757
-167.2,23.6835016
-167.1,54.6454689
-167,85.6064951
-166.9,-2.193419
-166.8,-89.9942726
-166.7,-177.796065
-166.6,-265.598795
-166.5,-353.402462
-166.4,-349.787065
-166.3,-346.172604
-166.2,-342.559079
-166.1,-338.946488
-166,-335.334832
-165.9,-324.464111
-165.8,-313.594325
-165.7,-302.725474
-165.6,-291.857558
-165.5,-280.990577
-165.4,-230.784533
-165.3,-180.579426
-165.2,-130.375256
-165.1,-80.172024
-165,-29.9697312
-164.9,-70.5483781
-164.8,-111.127966
-164.7,-151.708494
-164.6,-192.289965
-164.5,-232.872379
-164.4,-184.955737
-164.3,-137.040041
-164.2,-89.12529
-164.1,-41.2114867
-164,6.70136821
-163.9,114.613273
-163.8,222.524228
-163.7,330.434231
-163.6,438.34328
-163.5,546.251377
-163.4,522.598518
-163.3,498.944705
-163.2,475.289938
-163.1,451.634215
-163,427.977537
-162.9,342.679906
-162.8,257.38132
-162.7,172.081782
-162.6,86.7812915
-162.5,1.47985015
-162.4,93.0174589
-162.3,184.554119
-162.2,276.089831
-162.1,367.624597
-162,459.158417
-161.9,417.971294
-161.8,376.783229
-161.7,335.594225
-161.6,294.404283
-161.5,253.213405
-161.4,288.101595
-161.3,322.988854
-161.2,357.875185
-161.1,392.760592
-161,427.645077
-160.9,442.268644
-160.8,456.891296
-160.7,471.513037
-160.6,486.13387
-160.5,500.753801
-160.4,454.912832
-160.3,409.07097
-160.2,363.228218
-160.1,317.384581
-160,271.540066
-159.9,299.734678
-159.8,327.928421
-159.7,356.121302
-159.6,384.313327
-159.5,412.504502
-159.4,445.514833
-159.3,478.524328
-159.2,511.532992
-159.1,544.540833
-159,577.547858
-158.9,525.854075
-158.8,474.159492
-158.7,422.464118
-158.6,370.76796
-158.5,319.071027
-158.4,272.633329
-158.3,226.194874
-158.2,179.755673
-158.1,133.315734
-158,86.8750672
-157.9,102.693683
-157.8,118.511591
-157.7,134.328802
-157.6,150.145325
-157.5,165.961172
-157.4,179.276353
-157.3,192.590879
-157.2,205.904761
-157.1,219.21801
-157,232.530638
-156.9,90.9226558
-156.8,-50.6859243
-156.7,-192.29509
-156.6,-333.90483
-156.5,-475.515132
-156.4,-464.085983
-156.3,-452.657371
-156.2,-441.229285
-156.1,-429.801712
-156,-418.374641
-155.9,-397.108058
-155.8,-375.841954
-155.7,-354.576315
-155.6,-333.311129
-155.5,-312.046386
-155.4,-314.222073
-155.3,-316.398177
-155.2,-318.574688
-155.1,-320.751593
-155,-322.928881
-154.9,-364.666539
-154.8,-406.404556
-154.7,-448.142919
-154.6,-489.881618
-154.5,-531.620639
-154.4,-544.839972
-154.3,-558.059605
-154.2,-571.279525
-154.1,-584.499722
-154,-597.720184
-153.9,-555.5209
-153.8,-513.321859
-153.7,-471.123049
-153.6,-428.92446
-153.5,-386.72608
-153.4,-406.087899
-153.3,-425.449906
-153.2,-444.81209
-153.1,-464.17444
-153,-483.536946
-152.9,-472.679597
-152.8,-461.822382
-152.7,-450.965291
-152.6,-440.108314
-152.5,-429.25144
-152.4,-376.57466
-152.3,-323.897962
-152.2,-271.221337
-152.1,-218.544775
-152,-165.868265
-151.9,-182.491797
-151.8,-199.115362
-151.7,-215.738949
-151.6,-232.362548
-151.5,-248.986149
-151.4,-281.489741
-151.3,-313.993315
-151.2,-346.496859
-151.1,-379.000365
-151,-411.50382
-150.9,-400.067217
-150.8,-388.630544
-150.7,-377.193792
-150.6,-365.75695
-150.5,-354.320009
-150.4,-254.002959
-150.3,-153.68579
-150.2,-53.3684934
-150.1,46.9489418
-150,147.266525
-149.9,144.484266
-149.8,141.702175
-149.7,138.920263
-149.6,136.138539
-149.5,133.357015
-149.4,104.6557
-149.3,75.9546073
-149.2,47.2537463
-149.1,18.5531288
-149,-10.1472337
-148.9,-34.6873298
-148.8,-59.2271477
-148.7,-83.7666756
-148.6,-108.305902
-148.5,-132.844814
-148.4,-129.9834
-148.3,-127.121648
-148.2,-124.259545
-148.1,-121.39708
-148,-118.53424
-147.9,-184.771012
-147.8,-251.007384
-147.7,-317.243343
-147.6,-383.478877
-147.5,-449.713973
-147.4,-394.728618
-147.3,-339.7428
-147.2,-284.756507
-147.1,-229.769726
-147,-174.782445
-146.9,-208.074651
-146.8,-241.366332
-146.7,-274.657476
-146.6,-307.94807
-146.5,-341.238103
-146.4,-327.067561
-146.3,-312.896432
-146.2,-298.724705
-146.1,-284.552367
-146,-270.379407
-145.9,-291.825812
-145.8,-313.271571
-145.7,-334.716672
-145.6,-356.161103
-145.5,-377.604853
-145.4,-348.327911
-145.3,-319.050265
-145.2,-289.771904
-145.1,-260.492819
-145,-231.212997
-144.9,-250.93243
-144.8,-270.651106
-144.7,-290.369015
-144.6,-310.086148
-144.5,-329.802495
-144.4,-310.598047
-144.3,-291.392796
-144.2,-272.186731
-144.1,-252.979845
-144,-233.772131
-143.9,-238.62358
-143.8,-243.474185
-143.7,-248.32394
-143.6,-253.172838
-143.5,-258.020874
-143.4,-210.788041
-143.3,-163.554337
-143.2,-116.319755
-143.1,-69.0842935
-143,-21.8479485
-142.9,-38.5907179
-142.8,-55.3325999
-142.7,-72.0735935
-142.6,-88.8136984
-142.5,-105.552915
-142.4,-58.5512453
-142.3,-11.548691
-142.2,35.4547443
-142.1,82.4590561
-142,129.464239
-141.9,117.330286
-141.8,105.19719
-141.7,93.0649418
-141.6,80.9335304
-141.5,68.8029443
-141.4,44.5331699
-141.3,20.264192
-141.2,-4.00400647
-141.1,-28.2714444
-141,-52.5381431
-140.9,-60.0841258
-140.8,-67.6294185
-140.7,-75.1740496
-140.6,-82.7180504
-140.5,-90.2614552
-140.4,-48.2643011
-140.3,-6.26662895
-140.2,35.7315172
-140.1,77.7300895
-140,119.729036
-139.9,97.1483022
-139.8,74.5678272
-139.7,51.9875471
-139.6,29.4073931
-139.5,6.8272912
-139.4,-1.95283744
-139.3,-10.7330773
-139.2,-19.5135186
-139.1,-28.2942573
-139,-37.0753958
-138.9,-76.6570429
-138.8,-116.239314
-138.7,-155.822332
-138.6,-195.406225
-138.5,-234.991133
-138.4,-242.537198
-138.3,-250.084574
-138.2,-257.633423
-138.1,-265.183912
-138,-272.736219
-137.9,-220.450531
-137.8,-168.16704
-137.7,-115.88595
-137.6,-63.607469
-137.5,-11.3318162
-137.4,-37.2792163
-137.3,-63.2299012
-137.2,-89.1841091
-137.1,-115.142084
-137,-141.104075
-136.9,-18.4303341
-136.8,104.238882
-136.7,226.903316
-136.6,349.56271
-136.5,472.21681
-136.4,421.105363
-136.3,369.988123
-136.2,318.864854
-136.1,267.735331
-136,216.599341
-135.9,152.399086
-135.8,88.1962951
-135.7,23.9909216
-135.6,-40.2170828
-135.5,-104.427767
-135.4,-108.461183
-135.3,-112.497381
-135.2,-116.536416
-135.1,-120.578344
-135,-124.62322
-134.9,-82.8911026
-134.8,-41.1620503
-134.7,0.563878726
-134.6,42.2866268
-134.5,84.0061379
-134.4,133.882358
-134.3,183.755238
-134.2,233.624728
-134.1,283.490785
-134,333.353363
-133.9,247.532422
-133.8,161.70792
-133.7,75.8798162
-133.6,-9.95192738
-133.5,-95.7873494
-133.4,-39.2464869
-133.3,17.2906237
-133.2,73.823948
-133.1,130.353454
-133,186.879111
-132.9,132.200894
-132.8,77.5187807
-132.7,22.8327505
-132.6,-31.8572142
-132.5,-86.5511309
-132.4,-96.9490175
-132.3,-107.350893
-132.2,-117.756778
-132.1,-128.166694
-132,-138.580662
-131.9,-18.5587033
-131.8,101.459159
-131.7,221.472905
-131.6,341.482511
-131.5,461.487955
-131.4,387.049216
-131.3,312.606268
-131.2,238.15909
-131.1,163.707656
-131,89.2519441
-130.9,89.8919308
-130.8,90.5275944
-130.7,91.1589145
-130.6,91.7858721
-130.5,92.4084503
-130.4,80.4466339
-130.3,68.4804108
-130.2,56.509771
-130.1,44.5347081
-130,32.5552187
-129.9,24.1313033
-129.8,15.7029658
-129.7,7.27021362
-129.6,-1.16694331
-129.5,-9.60849309
-129.4,-51.0544224
-129.3,-92.5047171
-129.2,-133.959363
-129.1,-175.418345
-129,-216.88165
-128.9,-169.529266
-128.8,-122.181181
-128.7,-74.8373852
-128.6,-27.4978687
-128.5,19.8373785
-128.4,1.72836742
-128.3,-16.3848893
-128.2,-34.5023772
-128.1,-52.6240799
-128,-70.749979
-127.9,-1.06005362
-127.8,68.6257194
-127.7,138.307365
-127.6,207.984912
-127.5,277.65839
-127.4,205.14783
-127.3,132.633266
-127.2,60.1147326
-127.1,-12.4077327
-127,-84.9340927
-126.9,-57.9243093
-126.8,-30.9183434
-126.7,-3.91615502
-126.6,23.0822978
-126.5,50.0770596
-126.4,39.8281783
-126.3,29.5757059
-126.2,19.3196983
-126.1,9.06021565
-126,-1.20267811
-125.9,-25.4489149
-125.8,-49.6984228
-125.7,-73.9511259
-125.6,-98.2069451
-125.5,-122.465797
-125.4,-139.667597
-125.3,-156.872254
-125.2,-174.079677
-125.1,-191.289772
-125,-208.502443
-124.9,-203.07759
-124.8,-197.655115
-124.7,-192.234916
-124.6,-186.81689
-124.5,-181.400932
-124.4,-165.766933
-124.3,-150.134781
-124.2,-134.504364
-124.1,-118.875566
-124,-103.248267
-123.9,294.297651
-123.8,691.842309
-123.7,1089.38583
-123.6,1486.92834
-123.5,1884.46997
-123.4,1629.61083
-123.3,1374.75107
-123.2,1119.89081
-123.1,865.030189
-123,610.169338
-122.9,477.128392
-122.8,344.087488
-122.7,211.04676
-122.6,78.0063462
-122.5,-55.0336151
-122.4,-32.9329837
-122.3,-10.8316179
-122.2,11.2706259
-122.1,33.3738916
-122,55.4783238
-121.9,72.5640665
-121.8,89.6512628
-121.7,106.740055
-121.6,123.830585
-121.5,140.922994
-121.4,155.737423
-121.3,170.554015
-121.2,185.37291
-121.1,200.194249
-121,215.018174
-120.9,185.904825
-120.8,156.794341
-120.7,127.68686
-120.6,98.5825217
-120.5,69.4814622
-120.4,69.8838183
-120.3,70.2897259
-120.2,70.6993204
-120.1,71.1127365
-120,71.5301087
-119.9,-12.3284288
-119.8,-96.182742
-119.7,-180.032697
-119.6,-263.878162
-119.5,-347.719005
-119.4,-352.095096
-119.3,-356.466307
-119.2,-360.832514
-119.1,-365.193594
-119,-369.549429
-118.9,-263.899904
-118.8,-158.244912
-118.7,-52.5843471
-118.6,53.0818906
-118.5,158.753897
-118.4,141.071766
-118.3,123.395587
-118.2,105.725446
-118.1,88.0614272
-118,70.4036108
-117.9,59.4320745
-117.8,48.4668931
-117.7,37.5081381
-117.6,26.5558774
-117.5,15.6101753
-117.4,20.7510917
-117.3,25.898682
-117.2,31.0529964
-117.1,36.2140788
-117,41.3819664
-116.9,-35.0033114
-116.8,-111.381733
-116.7,-187.753284
-116.6,-264.117957
-116.5,-340.475745
-116.4,-337.346648
-116.3,-334.210666
-116.2,-331.067799
-116.1,-327.918051
-116,-324.761427
-115.9,-183.977932
-115.8,-43.1875747
-115.7,97.6096371
-115.6,238.413693
-115.5,379.224584
-115.4,287.722299
-115.3,196.226828
-115.2,104.738163
-115.1,13.2562939
-115,-78.2187864
-114.9,32.8729146
-114.8,143.971391
-114.7,255.076636
-114.6,366.188646
-114.5,477.307419
-114.4,398.012951
-114.3,318.725241
-114.2,239.444285
-114.1,160.170081
-114,80.9026222
-113.9,-0.518096904
-113.8,-81.9320837
-113.7,-163.339346
-113.6,-244.739893
-113.5,-326.133734
-113.4,-300.820877
-113.3,-275.501331
-113.2,-250.175106
-113.1,-224.842208
-113,-199.502644
-112.9,-182.516414
-112.8,-165.523521
-112.7,-148.523961
-112.6,-131.517728
-112.5,-114.504816
-112.4,-112.545214
-112.3,-110.578912
-112.2,-108.605897
-112.1,-106.626156
-112,-104.639676
-111.9,-88.8664416
-111.8,-73.0864362
-111.7,-57.2996432
-111.6,-41.5060451
-111.5,-25.7056243
-111.4,-16.1783628
-111.3,-6.64424244
-111.2,2.89675597
-111.1,12.4446522
-111,21.9994664
-110.9,-45.5987809
-110.8,-113.19007
-110.7,-180.77438
-110.6,-248.351693
-110.5,-315.92199
-110.4,-314.265254
-110.3,-312.601471
-110.2,-310.930626
-110.1,-309.252709
-110,-307.567711
-109.9,-107.475629
-109.8,92.62354
-109.7,292.729796
-109.6,492.843134
-109.5,692.963547
-109.4,551.711024
-109.3,410.465556
-109.2,269.227126
-109.1,127.995722
-109,-13.2286734
-108.9,-45.1060805
-108.8,-76.9765224
-108.7,-108.840026
-108.6,-140.696619
-108.5,-172.546333
-108.4,-138.329199
-108.3,-104.105253
-108.2,-69.8745281
-108.1,-35.6370629
-108,-1.39289595
-107.9,80.2979322
-107.8,161.995379
-107.7,243.699402
-107.6,325.409958
-107.5,407.127004
-107.4,306.350499
-107.3,205.580404
-107.2,104.816681
-107.1,4.05929372
-107,-96.6917944
-106.9,-142.696619
-106.8,-188.695217
-106.7,-234.687627
-106.6,-280.673885
-106.5,-326.65403
-106.4,-309.888099
-106.3,-293.11613
-106.2,-276.338163
-106.1,-259.554237
-106,-242.764392
-105.9,-200.028669
-105.8,-157.287109
-105.7,-114.539755
-105.6,-71.7866493
-105.5,-29.0278344
-105.4,-38.5633534
-105.3,-48.0932491
-105.2,-57.6175648
-105.1,-67.1363441
-105,-76.6496311
-104.9,-105.777471
-104.8,-134.89991
-104.7,-164.016996
-104.6,-193.128776
-104.5,-222.235298
-104.4,-110.616611
-104.3,1.00723613
-104.2,112.636195
-104.1,224.270218
-104,335.909256
-103.9,385.013256
-103.8,434.122167
-103.7,483.235934
-103.6,532.354502
-103.5,581.477818
-103.4,443.08583
-103.3,304.698485
-103.2,166.315733
-103.1,27.9375221
-103,-110.436203
-102.9,-122.585497
-102.8,-134.730418
-102.7,-146.871027
-102.6,-159.007384
-102.5,-171.13955
-102.4,-180.927584
-102.3,-190.711544
-102.2,-200.491487
-102.1,-210.267469
-102,-220.039545
-101.9,-244.667769
-101.8,-269.292196
-101.7,-293.912883
-101.6,-318.529886
-101.5,-343.14326
-101.4,-337.993063
-101.3,-332.839351
-101.2,-327.682185
-101.1,-322.521624
-101,-317.35773
-100.9,-275.630563
-100.8,-233.900183
-100.7,-192.166649
-100.6,-150.430019
-100.5,-108.690351
-100.4,-93.5077032
-100.3,-78.322133
-100.2,-63.1336988
-100.1,-47.9424593
-100,-32.7484733
-99.9,117.1482
-99.8,267.047502
-99.7,416.949375
-99.6,566.853759
-99.5,716.760598
-99.4,571.109833
-99.3,425.461408
-99.2,279.815265
-99.1,134.171347
-99,-11.4704047
-98.9,22.7499491
-98.8,56.9723463
-98.7,91.1967235
-98.6,125.423017
-98.5,159.651166
-98.4,182.181108
-98.3,204.712785
-98.2,227.246139
-98.1,249.781114
-98,272.317652
-97.9,191.975694
-97.8,111.635175
-97.7,31.296031
-97.6,-49.0418093
-97.5,-129.378419
-97.4,-43.4738749
-97.3,42.4317406
-97.2,128.338342
-97.1,214.24584
-97,300.154143
-96.9,353.02316
-96.8,405.892799
-96.7,458.762967
-96.6,511.633572
-96.5,564.504518
-96.4,579.535706
-96.3,594.567035
-96.2,609.598401
-96.1,624.629699
-96,639.660821
-95.9,670.591661
-95.8,701.522107
-95.7,732.452052
-95.6,763.381386
-95.5,794.309998
-95.4,752.037784
-95.3,709.764637
-95.2,667.490458
-95.1,625.215149
-95,582.938618
-94.9,470.640776
-94.8,358.341534
-94.7,246.040809
-94.6,133.738521
-94.5,21.4345911
-94.4,69.6689465
-94.3,117.901517
-94.2,166.132235
-94.1,214.361039
-94,262.587867
-93.9,270.492662
-93.8,278.395369
-93.7,286.29593
-93.6,294.194294
-93.5,302.090406
-93.4,180.124215
-93.3,58.1556724
-93.2,-63.8152701
-93.1,-185.788658
-93,-307.764534
-92.9,-134.722942
-92.8,38.3160795
-92.7,211.352492
-92.6,384.38626
-92.5,557.417352
-92.4,488.765739
-92.3,420.111399
-92.2,351.454313
-92.1,282.79447
-92,214.131862
-91.9,235.966484
-91.8,257.798336
-91.7,279.62742
-91.6,301.45374
-91.5,323.277301
-91.4,299.338109
-91.3,275.396167
-91.2,251.451483
-91.1,227.504062
-91,203.553911
-90.9,179.201037
-90.8,154.845448
-90.7,130.487154
-90.6,106.126165
-90.5,81.7624908
-90.4,1.73614412
-90.3,-78.2928629
-90.2,-158.324517
-90.1,-238.358806
-90,-318.395715
-89.9,-225.715231
-89.8,-133.03734
-89.7,-40.362029
-89.6,52.3107142
-89.5,144.980902
-89.4,146.268545
-89.3,147.553656
-89.2,148.836249
-89.1,150.116339
-89,151.393946
-88.9,107.309091
-88.8,63.2217981
-88.7,19.132095
-88.6,-24.9599875
-88.5,-69.0544152
-88.4,-76.0511508
-88.3,-83.050155
-88.2,-90.0513865
-88.1,-97.0548031
-88,-104.060363
-87.9,-76.5480246
-87.8,-49.03775
-87.7,-21.5295016
-87.6,5.97675768
-87.5,33.4810654
-87.4,36.1834598
-87.3,38.8839797
-87.2,41.5826643
-87.1,44.2795538
-87,46.9746895
-86.9,6.38811386
-86.8,-34.2001296
-86.7,-74.7899963
-86.6,-115.381441
-86.5,-155.974418
-86.4,-151.788882
-86.3,-147.604788
-86.2,-143.422095
-86.1,-139.240762
-86,-135.060749
-85.9,-113.342016
-85.8,-91.6245249
-85.7,-69.9082331
-85.6,-48.1930989
-85.5,-26.4790783
-85.4,-10.6261254
-85.3,5.22580781
-85.2,21.0767723
-85.1,36.9268217
-85,52.7760128
-84.9,42.2644053
-84.8,31.7520613
-84.7,21.2390453
-84.6,10.7254226
-84.5,0.211259326
-84.4,22.536622
-84.3,44.8615783
-84.2,67.1861975
-84.1,89.5105511
-84,111.834712
-83.9,63.0987568
-83.8,14.3627616
-83.7,-34.3731961
-83.6,-83.1090413
-83.5,-131.844703
-83.4,-124.980116
-83.3,-118.115226
-83.2,-111.249983
-83.1,-104.384349
-83,-97.5182871
-82.9,-106.99177
-82.8,-116.464772
-82.7,-125.937273
-82.6,-135.409256
-82.5,-144.880706
-82.4,-129.431612
-82.3,-113.981964
-82.2,-98.5317532
-82.1,-83.0809713
-82,-67.6296106
-81.9,-78.5576626
-81.8,-89.4851179
-81.7,-100.411966
-81.6,-111.338195
-81.5,-122.263795
-81.4,-131.968753
-81.3,-141.673058
-81.2,-151.376697
-81.1,-161.079659
-81,-170.781931
-80.9,-219.123502
-80.8,-267.46436
-80.7,-315.804494
-80.6,-364.143895
-80.5,-412.482553
-80.4,-411.460461
-80.3,-410.43761
-80.2,-409.413995
-80.1,-408.389607
-80,-407.364441
-79.9,-408.458491
-79.8,-409.551749
-79.7,-410.644209
-79.6,-411.735864
-79.5,-412.826704
-79.4,-363.016717
-79.3,-313.205891
-79.2,-263.394208
-79.1,-213.58165
-79,-163.768197
-78.9,-177.133826
-78.8,-190.498513
-78.7,-203.862234
-78.6,-217.224963
-78.5,-230.586672
-78.4,-212.387333
-78.3,-194.18692
-78.2,-175.985404
-78.1,-157.782759
-78,-139.57896
-77.9,-108.013982
-77.8,-76.4478045
-77.7,-44.8804078
-77.6,-13.3117741
-77.5,18.2581129
-77.4,148.529267
-77.3,278.801699
-77.2,409.075414
-77.1,539.350413
-77,669.626693
-76.9,545.64425
-76.8,421.663081
-76.7,297.683184
-76.6,173.704556
-76.5,49.727199
-76.4,53.9311155
-76.3,58.1363103
-76.2,62.3427896
-76.1,66.5505611
-76,70.7596328
-75.9,8.67001202
-75.8,-53.4182953
-75.7,-115.505285
-75.6,-177.590956
-75.5,-239.675309
-75.4,-284.678348
-75.3,-329.680082
-75.2,-374.680523
-75.1,-419.679684
-75,-464.677583
-74.9,-426.664238
-74.8,-388.649677
-74.7,-350.633927
-74.6,-218.476993
-74.5,-39.2490021
-74.4,139.980081
-74.3,261.470301
-74.2,267.4815
-74.1,273.493679
-74,279.506796
-73.9,188.560799
-73.8,97.6156515
-73.7,6.67130486
-73.6,-80.512271
-73.5,-165.815138
-73.4,-251.117357
-73.3,-338.398993
-73.2,-429.640103
-73.1,-520.880716
-73,-612.120884
-72.9,-576.610642
-72.8,-541.10005
-72.7,-505.589161
-72.6,-459.878029
-72.5,-409.066718
-72.4,-358.255279
-72.3,-353.193726
-72.2,-439.632215
-72.1,-526.07076
-72,-612.509426
-71.9,-540.06826
-71.8,-467.62734
-71.7,-395.186729
-71.6,-387.686528
-71.5,-412.656734
-71.4,-437.627443
-71.3,-420.908761
-71.2,-320.810671
-71.1,-220.713286
-71,-120.616678
-70.9,-92.2809297
-70.8,-63.9460965
-70.7,-35.612275
-70.6,2.72046771
-70.5,46.0520444
-70.4,89.3823887
-70.3,89.5214752
-70.2,3.27912985
-70.1,-82.9646701
-70,-169.209996
-69.9,-102.336896
-69.8,-35.4654698
-69.7,31.4042369
-69.6,-25.8079042
-69.5,-145.061853
-69.4,-264.317739
-69.3,-292.445736
-69.2,-138.315746
-69.1,15.8120568
-69,169.937603
-68.9,59.5207681
-68.8,-50.8985033
-68.7,-161.320295
-68.6,-180.604642
-68.5,-154.321725
-68.4,-128.04158
-68.3,-111.044269
-68.2,-112.609907
-68.1,-114.17857
-68,-115.750348
-67.9,-172.465341
-67.8,-229.183626
-67.7,-285.905311
-67.6,-322.050474
-67.5,-347.909238
-67.4,-373.771698
-67.3,-373.027984
-67.2,-319.068149
-67.1,-265.112324
-67,-211.160618
-66.9,-243.853144
-66.8,-276.550002
-66.7,-309.251296
-66.6,-275.657104
-66.5,-208.917589
-66.4,-142.182811
-66.3,-103.47284
-66.2,-120.807827
-66.1,-138.147826
-66,-155.492933
-65.9,-137.683236
-65.8,-119.878817
-65.7,-102.079749
-65.6,-84.4661404
-65.5,-66.9480393
-65.4,-49.4355328
-65.3,-29.8687068
-65.2,-6.18760631
-65.1,17.4876647
-65,41.1570427
-64.9,26.6004546
-64.8,12.0378272
-64.7,-2.53091316
-64.6,-22.7858402
-64.5,-45.8870282
-64.4,-68.9945522
-64.3,-22.1685477
-64.2,164.531049
-64.1,351.22408
-64,537.910469
-63.9,341.040099
-63.8,144.162934
-63.7,-52.7211044
-63.6,-48.0119925
-63.5,57.4899898
-63.4,162.984861
-63.3,249.322565
-63.2,297.352976
-63.1,345.376026
-63,393.391604
-62.9,238.809614
-62.8,84.2199998
-62.7,-70.3773426
-62.6,-173.422436
-62.5,-250.695425
-62.4,-327.976385
-62.3,-356.81545
-62.2,-288.762608
-62.1,-220.717986
-62,-152.681664
-61.9,-189.74373
-61.8,-226.814256
-61.7,-263.893302
-61.6,-197.020902
-61.5,-78.1772036
-61.4,40.6577863
-61.3,70.9740954
-61.2,-75.7384728
-61.1,-222.459893
-61,-369.190195
-60.9,-293.329382
-60.8,-217.477499
-60.7,-141.634565
-60.6,-93.1006032
-60.5,-58.2256045
-60.4,-23.3595713
-60.3,-28.9524528
-60.2,-115.454347
-60.1,-201.9652
-60,-288.485004
-59.9,-245.323739
-59.8,-202.171405
-59.7,-159.027992
-59.6,-112.633484
-59.5,-64.6178714
-59.4,-16.6111291
-59.3,49.5967491
-59.2,152.215819
-59.1,254.826069
-59,357.427517
-58.9,192.820176
-58.8,28.2040836
-58.7,-136.420732
-58.6,-125.554239
-58.5,-114.696401
-58.4,-103.84718
-58.3,167.993463
-58.2,439.82557
-58.1,711.649184
-58,983.464351
-57.9,967.681118
-57.8,951.889535
-57.7,936.089654
-57.6,960.901541
-57.5,1006.01522
-57.4,1051.12079
-57.3,1015.22838
-57.2,817.347895
-57.1,619.459504
-57,421.563283
-56.9,530.229343
-56.8,638.887736
-56.7,747.538549
-56.6,722.561813
-56.5,630.767749
-56.4,538.966382
-56.3,486.067757
-56.2,510.982048
-56.1,535.889327
-56,560.789666
-55.9,537.923162
-55.8,515.049902
-55.7,492.169959
-55.6,379.783413
-55.5,222.640405
-55.4,65.490962
-55.3,-9.86493384
-55.2,78.3729474
-55.1,166.604601
-55,254.830089
-54.9,139.919451
-54.8,25.0027633
-54.7,-89.9199188
-54.6,-181.148522
-54.5,-260.533008
-54.4,-339.92334
-54.3,-372.469516
-54.2,-311.321399
-54.1,-250.17898
-54,-189.042208
-53.9,-66.4110315
-53.8,56.2145967
-53.7,178.834736
-53.6,180.129355
-53.5,120.758632
-53.4,61.3825559
-53.3,-3.03882506
-53.2,-77.5454823
-53.1,-152.057336
-53,-226.574353
-52.9,-244.54646
-52.8,-262.523605
-52.7,-280.505721
-52.6,-346.172754
-52.5,-435.684591
-52.4,-525.201191
-52.3,-547.102555
-52.2,-433.768481
-52.1,-320.438963
-52,-207.113935
-51.9,-187.423338
-51.8,-167.737092
-51.7,-148.055118
-51.6,-161.937384
-51.5,-192.603759
-51.4,-223.274202
-51.3,-228.368664
-51.2,-182.307019
-51.1,-136.249212
-51,-90.1951845
-50.9,-110.504851
-50.8,-130.81814
-50.7,-151.134988
-50.6,-146.355294
-50.5,-129.029015
-50.4,-111.706071
-50.3,-94.0463991
-50.2,-75.709898
-50.1,-57.3765241
-50,-39.0461926
-49.9,45.4311838
-49.8,129.905675
-49.7,214.377363
-49.6,143.846263
-49.5,-4.18738036
-49.4,-152.223571
-49.3,-247.452287
-49.2,-237.063346
-49.1,-226.676697
-49,-216.292259
-48.9,-314.029956
-48.8,-411.769692
-48.7,-509.511384
-48.6,-486.014893
-48.5,-401.900254
-48.4,-317.787319
-48.3,-180.656042
-48.2,62.5137681
-48.1,305.682125
-48,548.849084
-47.9,302.264685
-47.8,55.6790271
-47.7,-190.907803
-47.6,-272.675657
-47.5,-272.034629
-47.4,-271.394581
-47.3,-255.045464
-47.2,-207.27718
-47.1,-159.509681
-47,-111.742924
-46.9,-91.9368395
-46.8,-72.1313702
-46.7,-52.3264492
-46.6,46.7179803
-46.5,185.381915
-46.4,324.045462
-46.3,368.10878
-46.2,222.971741
-46.1,77.834467
-46,-67.3029753
-45.9,-86.1405394
-45.8,-104.978191
-45.7,-123.815897
-45.6,-161.4336
-45.5,-208.441264
-45.4,-255.448865
-45.3,-276.546396
-45.2,-245.82378
-45.1,-215.10099
-45,-184.378018
-44.9,-25.5848069
-44.8,133.208641
-44.7,292.002372
-44.6,276.376309
-44.5,173.540652
-44.4,70.7053258
-44.3,3.50030514
-44.2,7.55566343
-44.1,11.6113934
-44,15.6675063
-43.9,-30.7059878
-43.8,-77.079091
-43.7,-123.451778
-43.6,-125.104046
-43.5,-104.395912
-43.4,-83.6873646
-43.3,-51.7784225
-43.2,2.53096441
-43.1,56.8407556
-43,111.150971
-42.9,171.4316
-42.8,231.712634
-42.7,291.994096
-42.6,283.915942
-42.5,241.658255
-42.4,199.401
-42.3,119.674212
-42.2,-34.9921915
-42.1,-189.658135
-42,-344.32363
-41.9,-317.338638
-41.8,-290.353181
-41.7,-263.367262
-41.6,-273.18091
-41.5,-301.394078
-41.4,-329.606806
-41.3,-348.91911
-41.2,-350.430979
-41.1,-351.942429
-41,-353.453471
-40.9,-310.414114
-40.8,-267.374376
-40.7,-224.33428
-40.6,-240.273859
-40.5,-285.703079
-40.4,-331.131988
-40.3,-368.410612
-40.2,-389.388954
-40.1,-410.367029
-40,-431.344851
-39.9,-465.866517
-39.8,-500.388501
-39.7,-534.910893
-39.6,-542.493756
-39.5,-536.607185
-39.4,-530.721226
-39.3,-498.435955
-39.2,-413.351355
-39.1,-328.267499
-39,-243.184415
-38.9,-342.002149
-38.8,-440.820702
-38.7,-539.640089
-38.6,-558.840282
-38.5,-538.231368
-38.4,-517.623319
-38.3,-461.006171
-38.2,-332.369846
-38.1,-203.734391
-38,-75.099816
-37.9,-124.186122
-37.8,-173.273308
-37.7,-222.361349
-37.6,-44.2101818
-37.5,247.559999
-37.4,539.32933
-37.3,626.108035
-37.2,302.905702
-37.1,-20.2974508
-37,-343.501427
-36.9,-383.576187
-36.8,-423.651755
-36.7,-463.728124
-36.6,-421.287108
-36.5,-378.846879
-36.4,-336.407434
-36.3,-246.121538
-36.2,-60.1418011
-36.1,125.837166
-36,311.815368
-35.9,255.032787
-35.8,198.249447
-35.7,141.465352
-35.6,80.9168741
-35.5,20.3676476
-35.4,-40.182325
-35.3,-28.9285711
-35.2,125.933622
-35.1,280.795066
-35,435.655783
-34.9,209.305726
-34.8,-17.0450748
-34.7,-243.396596
-34.6,-327.428758
-34.5,-340.301713
-34.4,-353.175395
-34.3,-307.909858
-34.2,-146.364973
-34.1,15.179175
-34,176.722607
-33.9,161.295293
-33.8,145.867251
-33.7,130.438482
-33.6,44.6489651
-33.5,-76.3212399
-33.4,-197.292173
-33.3,-267.463886
-33.2,-236.036298
-33.1,-204.609431
-33,-173.183305
-32.9,73.8521075
-32.8,320.886796
-32.7,567.92074
-32.6,478.533807
-32.5,220.936308
-32.4,-36.6619292
-32.3,-191.251024
-32.2,-139.820776
-32.1,-88.3912764
-32,-36.9625054
-31.9,-81.6078135
-31.8,-126.253871
-31.7,-170.900659
-31.6,-93.189857
-31.5,-15.4797963
-31.4,62.2295226
-31.3,139.938099
-31.2,174.754263
-31.1,209.569694
-31,244.384371
-30.9,190.054965
-30.8,135.724826
-30.7,81.3939332
-30.6,64.8823281
-30.5,67.2799607
-30.4,69.6768517
-30.3,58.5830116
-30.2,20.508421
-30.1,-17.5669192
-30,-55.6429883
-29.9,5.16021448
-29.8,65.96267
-29.7,126.764399
-29.6,117.685353
-29.5,73.665612
-29.4,29.6451379
-29.3,-7.59607835
-29.2,-31.2780355
-29.1,-54.9607122
-29,-78.6441173
-28.9,-68.0682494
-28.8,-57.4931073
-28.7,-46.9186897
-28.6,53.9750347
-28.5,200.027977
-28.4,346.080199
-28.3,457.741752
-28.2,500.622568
-28.1,543.502678
-28,586.382066
-27.9,411.880722
-27.8,237.378681
-27.7,62.875924
-27.6,-2.26746453
-27.5,-12.731602
-27.4,-23.1964352
-27.3,-23.0019712
-27.2,-1.48817698
-27.1,20.0249206
-27,41.5373346
-26.9,-41.410942
-26.8,-124.359896
-26.7,-207.309515
-26.6,-196.339775
-26.5,-138.410744
-26.4,-80.4823787
-26.3,-54.7646465
-26.2,-93.4675948
-26.1,-132.171211
-26,-170.875472
-25.9,-123.660386
-25.8,-76.4459395
-25.7,-29.2321508
-25.6,-15.0390171
-25.5,-17.3565161
-25.4,-19.6746553
-25.3,8.2165377
-25.2,96.5271354
-25.1,184.8371
-25,273.146435
-24.9,341.585132
-24.8,410.023203
-24.7,478.460653
-24.6,546.897483
-24.5,615.333698
-24.4,531.9693
-24.3,448.604293
-24.2,293.472011
-24.1,138.339138
-24,-16.794342
-23.9,37.9682657
-23.8,92.7302748
-23.7,147.491709
-23.6,203.252544
-23.5,259.512802
-23.4,315.772489
-23.3,320.001658
-23.2,220.170214
-23.1,120.338211
-23,20.5056541
-22.9,170.602578
-22.8,320.698946
-22.7,470.794785
-22.6,523.670017
-22.5,527.934769
-22.4,532.198994
-22.3,454.572769
-22.2,213.165939
-22.1,-28.2414117
-22,-269.649257
-21.9,-168.787571
-21.8,-67.9263786
-21.7,32.9343248
-21.6,-28.3055253
-21.5,-170.595764
-21.4,-312.886476
-21.3,-402.757717
-21.2,-387.789391
-21.1,-372.821525
-21,-357.854114
-20.9,-325.127153
-20.8,-292.40063
-20.7,-259.674559
-20.6,-118.168897
-20.5,77.7262588
-20.4,273.620983
-20.3,355.975398
-20.2,211.249299
-20.1,66.5227687
-20,-78.2041691
-19.9,-54.2415104
-19.8,-30.2792617
-19.7,-6.31740905
-19.6,-31.075989
-19.5,-80.1949378
-19.4,-129.314282
-19.3,-156.894038
-19.2,-141.394172
-19.1,-125.894692
-19,-110.395593
-18.9,-118.416872
-18.8,-126.438527
-18.7,-134.460554
-18.6,-111.862941
-18.5,-73.9557131
-18.4,-36.048849
-18.3,-7.39232528
-18.2,2.76383076
-18.1,12.919632
-18,23.0750811
-17.9,25.400181
-17.8,27.7249343
-17.7,30.049344
-17.6,46.1934126
-17.5,69.247143
-17.4,92.300538
-17.3,81.9936202
-17.2,4.96635245
-17.1,-72.0612524
-17,-149.089182
-16.9,-324.407423
-16.8,-333.645982
-16.7,-342.884859
-16.6,-162.684049
-16.5,-34.9335515
-16.4,92.8166365
-16.3,220.566517
-16.2,348.316092
-16.1,367.748694
-16,387.181005
-15.9,406.613008
-15.8,231.211386
-15.7,55.80947
-15.6,193.407264
-15.5,331.004771
-15.4,393.161994
-15.3,379.878935
-15.2,366.595598
-15.1,289.271985
-15,211.948101
-14.9,252.943949
-14.8,412.259532
-14.7,571.574854
-14.6,466.249919
-14.5,360.92473
-14.4,236.359292
-14.3,92.5536079
-14.2,-51.2523168
-14.1,21.1015217
-14,93.4551276
-13.9,136.328505
-13.8,149.721658
-13.7,163.114591
-13.6,138.507309
-13.5,113.899815
-13.4,68.1521136
-13.3,1.26420938
-13.2,-65.6238934
-13.1,-177.83219
-13,-290.040678
-12.9,-369.509351
-12.8,-416.238206
-12.7,-462.967239
-12.6,-322.336447
-12.5,-181.705826
-12.4,-146.315373
-12.3,-216.165084
-12.2,-286.014957
-12.1,-269.664989
-12,-253.315176
-11.9,-287.785517
-11.8,-373.076007
-11.7,-458.366646
-11.6,-442.097431
-11.5,-425.828359
-11.4,-408.859428
-11.3,-391.190638
-11.2,-373.521986
-11.1,-235.933471
-11,-98.3450917
-10.9,-72.8168471
-10.8,-159.348736
-10.7,-245.880758
-10.6,-228.692911
-10.5,-211.505196
-10.4,-222.55761
-10.3,-261.850154
-10.2,-301.142827
-10.1,-322.435628
-10,-343.728558
-9.9,-346.081616
-9.8,-329.494802
-9.7,-288.193826
-9.6,-246.892989
-9.5,-205.592271
-9.4,-218.408833
-9.3,-285.342664
-9.2,-352.276627
-9.1,-540.390721
-9,-421.904948
-8.9,-345.319309
-8.8,-367.933805
-8.7,-341.748438
-8.6,-453.463209
-8.5,-297.378121
-8.4,190.106825
-8.3,442.191626
-8.2,488.376281
-8.1,574.360788
-8,325.745145
-7.9,240.42935
-7.8,-178.486597
-7.7,-315.202699
-7.6,-105.918955
-7.5,-3.23536781
-7.4,-67.8519386
-7.3,88.1313313
-7.2,-44.3855596
-7.1,-62.9026127
-7,-193.319829
-6.9,-109.437211
-6.8,-189.75476
-6.7,-206.272477
-6.6,-262.390363
-6.5,-275.808422
-6.4,861.973346
-6.3,670.754939
-6.2,429.436354
-6.1,195.417591
-6,207.098648
-5.9,439.379525
-5.8,593.46022
-5.7,308.040733
-5.6,191.321063
-5.5,9.70120956
-5.4,-129.118827
-5.3,22.6609522
-5.2,138.840548
-5.1,177.419958
-5,-61.4008153
-4.9,-156.221774
-4.8,363.357082
-4.7,722.635753
-4.6,570.114238
-4.5,261.592538
-4.4,-78.8293463
-4.3,-68.1514155
-4.2,106.626331
-4.1,-9.09610487
-4,125.981276
-3.9,297.458475
-3.8,225.635491
-3.7,8.51232735
-3.6,-59.311017
-3.5,105.065459
-3.4,154.441757
-3.3,81.4178767
-3.2,-22.8061805
-3.1,-165.630414
-3,-296.254822
-2.9,-358.679405
-2.8,-233.004162
-2.7,-108.429091
-2.6,48.5458058
-2.5,-75.5794696
-2.4,-199.704917
-2.3,-309.330537
-2.2,-317.456328
-2.1,242.967709
-2,803.391573
-1.9,379.365266
-1.8,349.338788
-1.7,-21.5878619
-1.6,-135.214682
-1.5,13.3583284
-1.4,12.6311697
-1.3,44.1038426
-1.2,204.176348
-1.1,365.348686
-1,174.420857
-0.9,295.892863
-0.8,201.964704
-0.7,23.3363823
-0.6,0.60789805
-0.5,0.879252734
-0.4,30.3504476
-0.3,374.521484
-0.2,-97.7076373
-0.1,-340.236914
-7.10542736e-15,-407.766346
