0,17848.2497,115046.763,117777.548
0.00113571834,37527.2927,114442.797,117773.001
0.00227143668,42433.9259,113761.152,117759.364
0.00340715503,49057.025,113079.508,117736.643
0.00454287337,56097.4043,112722.194,117704.848
0.00567859171,62948.0391,112364.881,117663.995
0.00681431005,69629.2817,112171.885,117614.101
0.00795002839,75987.8501,111978.89,117555.191
0.00908574673,80855.3289,111719.222,117487.292
0.0102214651,82219.069,111459.554,117410.436
0.0113571834,78837.1799,110716.802,117324.658
0.0124929018,72453.7744,109974.051,117229.997
0.0136286201,68964.7527,109109.273,117126.499
0.0147643384,77479.0724,108244.496,117014.209
0.0159000568,107353.618,107799.057,116893.18
0.0170357751,162673.276,107353.618,116763.468
0.0181714935,236850.071,106699.072,116625.131
0.0193072118,312217.28,106044.525,116478.232
0.0204429302,366192.49,105099.006,116322.838
0.0215786485,382691.178,104153.487,116159.02
0.0227143668,362697.137,101961.161,115986.849
0.0238500852,325583.289,99768.8351,115806.405
0.0249858035,297651.533,99178.2158,115617.767
0.0261215219,294596.621,98587.5964,115421.018
0.0272572402,311292.706,97449.6552,115216.246
0.0283929585,327786.509,96311.7141,115003.541
0.0295286769,327638.916,96054.9883,114782.994
0.0306643952,313047.516,95798.2625,114554.702
0.0318001136,302373.086,95436.0585,114318.763
0.0329358319,311419.923,95073.8545,114075.278
0.0340715503,335331.934,92933.681,113824.351
0.0352072686,348196.906,90793.5075,113566.088
0.0363429869,322582.263,90489.0919,113300.597
0.0374787053,253114.296,90184.6763,113027.989
0.0386144236,163443.088,89150.6301,112748.377
0.039750142,90184.6763,88116.584,112461.875
0.0408858603,56783.0709,85167.8265,112168.601
0.0420215786,58255.6251,82219.069,111868.672
0.043157297,71348.5082,82084.5061,111562.209
0.0442930153,74804.3972,81949.9432,111249.334
0.0454287337,64578.0691,81402.636,110930.17
0.046564452,53220.7237,80855.3289,110604.842
0.0477001704,54925.9784,81402.636,110273.475
0.0488358887,72570.5523,81949.9432,109936.196
0.049971607,96311.7141,82084.5061,109593.134
0.0511073254,113079.508,82219.069,109244.417
0.0522430437,117961.693,82084.5061,108890.175
0.0533787621,115650.729,82219.069,108530.539
0.0545144804,112364.881,82466.256,108165.639
0.0556501988,108244.496,82219.069,107795.607
0.0567859171,98587.5964,82084.5061,107420.576
0.0579216354,81949.9432,81949.9432,107040.676
0.0590573538,65039.7357,81561.0377,106656.041
0.0601930721,57426.9158,81172.1323,106266.803
0.0613287905,61352.3774,81013.7306,105873.095
0.0624645088,68499.0847,80855.3289,105475.049
0.0636002271,68386.5269,80557.8667,105072.797
0.0647359455,61282.5179,80260.4045,104666.471
0.0658716638,60476.1094,79884.1293,104256.203
0.0670073822,79507.8541,79507.8541,103842.124
0.0681431005,115937.455,79172.517,103424.365
0.0692788189,148635.614,78837.1799,103003.056
0.0704145372,156116.525,78782.9222,102578.326
0.0715502555,137557.687,78728.6645,102150.304
0.0726859739,114442.797,78103.8685,101719.118
0.0738216922,109974.051,77479.0724,101284.894
0.0749574106,127434.381,77478.383,100847.759
0.0760931289,148730.057,77477.6936,100407.838
0.0772288472,153896.711,76732.7718,99965.2544
0.0783645656,142073.416,75987.8501,99520.1311
0.0795002839,130543.914,75965.9579,99072.5897
0.0806360023,133510.796,75944.0657,98622.7506
0.0817717206,145362.907,75374.2315,98170.7329
0.082907439,147229.278,74804.3972,97716.6543
0.0840431573,129687.438,73754.2252,97260.6312
0.0851788756,106044.525,72704.0531,96802.7784
0.086314594,99768.8351,72637.3027,96343.2093
0.0874503123,118822.408,72570.5523,95882.0361
0.0885860307,144808.266,72512.1634,95419.3689
0.089721749,151227.543,72570.5523,94955.3167
0.0908574673,132544.993,72637.3027,94489.9868
0.0919931857,111978.89,72704.0531,94023.4846
0.093128904,118250.217,72637.3027,93555.9142
0.0942646224,155907.951,72570.5523,93087.3779
0.0954003407,198694.401,72512.1634,92617.9762
0.0965360591,214409.012,72453.7744,92147.808
0.0976717774,197977.881,72065.6829,91676.9704
0.0988074957,177195.259,71677.5913,91205.5589
0.0999432141,184742.291,71631.5461,90733.667
0.101078932,225015.336,71585.5009,90261.3866
0.102214651,267639.539,71467.0045,89788.8079
0.103350369,274137.609,71348.5082,89316.019
0.104486087,233294.311,71264.4918,88843.1065
0.105621806,171323.38,71180.4753,88370.1551
0.106757524,128421.332,70404.8785,87897.2478
0.107893242,124796.458,69629.2817,87424.4657
0.109028961,148058.825,69534.4458,86951.888
0.110164679,168389.225,69439.6098,86479.5924
0.111300398,164754.673,69202.1813,86007.6547
0.112436116,139679.863,68964.7527,85536.1487
0.113571834,111459.554,68893.0187,85065.1467
0.114707553,95073.8545,68821.2847,84594.7192
0.115843271,90793.5075,68791.0416,84124.9348
0.116978989,88116.584,68760.7985,83655.8606
0.118114708,77477.6936,68629.9416,83187.5616
0.119250426,58508.0563,68499.0847,82720.1014
0.120386144,38868.3467,68442.8058,82253.5419
0.121521863,26701.5232,68386.5269,81787.943
0.122657581,23907.3659,68199.9071,81323.3633
0.123793299,26347.9822,68013.2873,80859.8595
0.124929018,28240.9544,67979.9659,80397.4868
0.126064736,25497.2219,67946.6445,79936.2986
0.127200454,18100.2603,67939.3303,79476.3468
0.128336173,10047.8093,67932.0161,79017.6818
0.129471891,6430.18227,67849.7447,78560.3523
0.130607609,9175.15883,67767.4733,78104.4056
0.131743328,17660.1715,67365.5304,77649.8872
0.132879046,27172.9223,66963.5875,77196.8414
0.134014764,32791.2834,66840.7273,76745.3109
0.135150483,34326.0318,66717.8671,76295.3369
0.136286201,37074.6234,66595.0774,75846.9591
0.137421919,48260.5291,66472.2878,75400.2161
0.138557638,71677.5913,65756.0117,74955.1447
0.139693356,104153.487,65039.7357,74511.7807
0.140829074,137503.329,64870.4885,74070.1581
0.141964793,164047.725,64701.2413,73630.3101
0.143100511,180851.249,64639.6552,73192.2682
0.144236229,189831.35,64578.0691,72756.0629
0.145371948,194534.786,64413.1969,72321.7232
0.146507666,196843.332,64248.3247,71889.277
0.147643384,196234.473,64027.7595,71458.7511
0.148779103,191564.999,63807.1944,71030.1709
0.149914821,183258.081,63377.6167,70603.5608
0.151050539,173815.581,62948.0391,70178.9439
0.152186258,166311.024,62150.2082,69756.3425
0.153321976,162241.285,61352.3774,69335.7775
0.154457694,160443.763,61317.4476,68917.2688
0.155593413,157748.649,61282.5179,68500.8354
0.156729131,150754.585,60932.3059,68086.4952
0.15786485,137547.627,60582.0939,67674.265
0.159000568,118472.859,60529.1016,67264.1608
0.160136286,95798.2625,60476.1094,66856.1976
0.161272005,72704.0531,59677.9963,66450.3895
0.162407723,52176.6741,58879.8832,66046.7495
0.163543441,36200.7342,58693.9697,65645.2899
0.16467916,25408.299,58508.0563,65246.0222
0.165814878,19204.8543,58381.8407,64848.957
0.166950596,16312.7281,58381.8407,64454.1038
0.168086315,15490.2806,58381.8407,64061.4718
0.169222033,15945.8196,58381.8407,63671.069
0.170357751,17230.2214,58381.8407,63282.903
0.17149347,18887.8898,58381.8407,62896.9803
0.172629188,20298.1166,58011.6406,62513.3069
0.173764906,20906.1838,57664.6545,62131.8882
0.174900625,20582.9069,57494.2843,61752.7286
0.176036343,19673.9852,57215.6569,61375.8321
0.177172061,18647.9259,56893.7344,61001.2021
0.17830778,17690.2171,56591.2138,60628.8411
0.179443498,16617.9373,56213.5051,60258.7513
0.180579216,15176.7453,55492.8779,59890.9341
0.181714935,13436.8438,54942.0404,59525.3904
0.182850653,11854.5482,54535.3113,59162.1206
0.183986371,10887.8957,53682.6839,58801.1246
0.18512209,10605.1981,52896.359,58442.4015
0.186257808,10624.5156,52374.3342,58085.9503
0.187393526,10299.5021,51706.2075,57731.7692
0.188529245,9238.89651,50385.0177,57379.8561
0.189664963,7929.37227,49083.422,57030.2084
0.190800681,7561.1731,48446.5394,56682.823
0.1919364,9031.17162,47943.0117,56337.6965
0.193072118,12262.6906,47586.9541,55994.825
0.194207836,15685.2806,47461.0636,55654.2042
0.195343555,17193.5901,47461.0636,55315.8294
0.196479273,16336.9936,47461.0636,54979.6956
0.197614991,14994.738,47461.0636,54645.7975
0.19875071,15599.238,47461.0636,54314.1292
0.199886428,18878.8282,47461.0636,53984.6847
0.201022147,23110.1051,47461.0636,53657.4576
0.202157865,25916.7505,47461.0636,53332.4413
0.203293583,27146.8753,47461.0636,53009.6287
0.204429302,28976.4565,47461.0636,52689.0125
0.20556502,32873.1584,47461.0636,52370.5853
0.206700738,36836.9178,47461.0636,52054.3392
0.207836457,36537.6488,47461.0636,51740.2662
0.208972175,30525.9883,47461.0636,51428.3579
0.210107893,23956.2095,47461.0636,51118.6059
0.211243612,25413.8771,47461.0636,50811.0013
0.21237933,40174.7428,47461.0636,50505.5352
0.213515048,64248.3247,47277.7067,50202.1985
0.214650767,85666.8869,47174.7075,49900.9818
0.215786485,94646.6403,46886.2413,49601.8756
0.216922203,91315.15,46874.7498,49304.87
0.218057922,84157.1354,46874.7498,49009.9554
0.21919364,81172.1323,46874.7498,48717.1215
0.220329358,82746.149,46874.7498,48426.3582
0.221465077,82713.4431,46874.7498,48137.6553
0.222600795,75944.0657,46874.7498,47851.0021
0.223736513,64701.2413,46874.7498,47566.3882
0.224872232,57004.3979,46874.7498,47283.8027
0.22600795,58879.8832,46874.7498,47003.2349
0.227143668,68821.2847,46874.7498,46724.6738
0.228279387,78728.6645,46874.7498,46448.1084
0.229415105,80260.4045,46455.5294,46173.5275
0.230550823,71180.4753,46096.0175,45900.92
0.231686542,56027.6535,45803.1027,45630.2744
0.23282226,41650.6165,45662.4321,45361.5795
0.233957978,32307.7988,45534.5146,45094.8237
0.235093697,28133.8927,45424.882,44829.9956
0.236229415,27158.6663,45182.2992,44567.0835
0.237365133,27785.3387,44659.6139,44306.0759
0.238500852,29382.8292,43761.2856,44046.961
0.23963657,31588.4272,42827.7698,43789.7271
0.240772288,33744.7925,42426.3518,43534.3625
0.241908007,35133.2542,42015.2923,43280.8553
0.243043725,35535.1415,41545.3899,43029.1937
0.244179443,35346.4412,41241.6466,42779.3659
0.245315162,35149.818,40977.5016,42531.3599
0.24645088,35269.7807,40543.3081,42285.1638
0.247586599,35730.5631,40119.5904,42040.7658
0.248722317,36554.9647,39582.1024,41798.1538
0.249858035,38067.0459,38984.0568,41557.316
0.250993754,40911.8735,38467.6963,41318.2404
0.252129472,45720.4612,37570.8347,41080.915
0.25326519,52571.9944,36980.0035,40845.3279
0.254400909,60582.0939,36861.1507,40611.4671
0.255536627,68013.2873,36729.071,40379.3208
0.256672345,73048.8518,36588.0944,40148.8769
0.257808064,74807.8531,36546.3068,39920.1236
0.258943782,73828.4359,36463.4411,39693.049
0.2600795,71585.5009,36294.9838,39467.6412
0.261215219,69439.6098,35965.6486,39243.8884
0.262350937,67932.0161,35706.7471,39021.7787
0.263486655,66963.5875,35609.0363,38801.3002
0.264622374,66472.2878,35493.9493,38582.4414
0.265758092,66717.8671,35439.9557,38365.1903
0.26689381,67767.4733,35386.7978,38149.5352
0.268029529,68760.7985,35336.3849,37935.4646
0.269165247,67946.6445,35298.0547,37722.9667
0.270300965,63807.1944,35209.7993,37512.03
0.271436684,56399.3568,35141.5361,37302.6428
0.272572402,47625.4942,35064.2633,37094.7937
0.27370812,40064.438,34745.3203,36888.4712
0.274843839,35326.3286,34425.5531,36683.6638
0.275979557,33322.2259,34340.8849,36480.3601
0.277115275,32918.9533,34190.4634,36278.5488
0.278250994,33080.193,34034.2764,36078.2186
0.279386712,33384.2557,33996.8016,35879.3582
0.28052243,33745.776,33905.8697,35681.9565
0.281658149,33979.9454,33819.0304,35486.0023
0.282793867,33806.2667,33789.3974,35291.4845
0.283929585,33203.3242,33759.1521,35098.3921
0.285065304,32541.5232,33745.2843,34906.7141
0.286201022,32207.4885,33564.5241,34716.4395
0.28733674,32108.4482,33353.2408,34527.5575
0.288472459,31650.814,33353.2408,34340.0574
0.289608177,30302.7806,33353.2408,34153.9282
0.290743896,28212.553,33353.2408,33969.1594
0.291879614,26237.5061,33353.2408,33785.7403
0.293015332,25310.4404,33353.2408,33603.6604
0.294151051,25691.4022,33353.2408,33422.9091
0.295286769,26702.1082,33353.2408,33243.4759
0.296422487,27190.7688,33353.2408,33065.3505
0.297558206,26465.9358,33353.2408,32888.5226
0.298693924,24988.9721,33353.2408,32712.9819
0.299829642,24237.8126,33353.2408,32538.7182
0.300965361,25813.2615,33353.2408,32365.7214
0.302101079,30322.7613,33262.775,32193.9814
0.303236797,36621.2241,33141.7586,32023.4881
0.304372516,42379.9682,32999.5732,31854.2317
0.305508234,45885.7442,32896.0559,31686.2023
0.306643952,47373.7132,32707.3408,31519.3901
0.307779671,48632.5497,32424.661,31353.7853
0.308915389,51235.741,32267.111,31189.3782
0.310051107,54958.1024,32216.9558,31026.1593
0.311186826,57767.6561,32157.9683,30864.119
0.312322544,57561.6528,31975.8642,30703.2478
0.313458262,54144.6441,31747.0471,30543.5363
0.314593981,49534.2944,31619.6206,30384.9752
0.315729699,46306.2908,31501.3015,30227.5551
0.316865417,45604.4029,31409.5847,30071.2669
0.318001136,46604.7679,31381.3612,29916.1014
0.319136854,47548.4139,31301.9674,29762.0496
0.320272572,47181.7002,31134.2528,29609.1023
0.321408291,45464.6262,30991.0877,29457.2508
0.322544009,43182.804,30820.9222,29306.486
0.323679727,41043.1298,30603.9784,29156.7992
0.324815446,39099.7669,30497.7241,29008.1817
0.325951164,36885.3836,30438.4034,28860.6247
0.327086882,34013.6578,30365.0542,28714.1196
0.328222601,30681.9685,30365.0542,28568.6579
0.329358319,27582.6234,30365.0542,28424.2311
0.330494037,25241.6503,30365.0542,28280.8308
0.331629756,23393.4573,30438.4034,28138.4485
0.332765474,21080.18,30497.7241,27997.0761
0.333901193,17666.3704,30603.9784,27856.7053
0.335036911,14018.0206,30820.9222,27717.328
0.336172629,12317.7504,30991.0877,27578.9359
0.337308348,14330.8256,31134.2528,27441.5212
0.338444066,20024.7252,31301.9674,27305.0759
0.339579784,26675.1384,31381.3612,27169.5919
0.340715503,30469.4598,31409.5847,27035.0615
0.341851221,29831.9018,31501.3015,26901.477
0.342986939,26709.4637,31619.6206,26768.8305
0.344122658,24624.4415,31619.6206,26637.1145
0.345258376,25611.9627,31619.6206,26506.3214
0.346394094,28952.7574,31619.6206,26376.4435
0.347529813,32226.4231,31619.6206,26247.4735
0.348665531,33772.5281,31619.6206,26119.4039
0.349801249,34054.8949,31619.6206,25992.2275
0.350936968,34495.3683,31619.6206,25865.9368
0.352072686,35452.7571,31619.6206,25740.5247
0.353208404,35682.931,31619.6206,25615.984
0.354344123,33831.7941,31619.6206,25492.3077
0.355479841,30407.3471,31619.6206,25369.4886
0.356615559,27977.2121,31619.6206,25247.5197
0.357751278,29145.1161,31619.6206,25126.3942
0.358886996,34355.738,31619.6206,25006.1052
0.360022714,41440.1634,31619.6206,24886.6459
0.361158433,47167.7148,31619.6206,24768.0094
0.362294151,49681.009,31619.6206,24650.1891
0.363429869,49676.7061,31619.6206,24533.1784
0.364565588,49433.1898,31619.6206,24416.9707
0.365701306,50782.4654,31619.6206,24301.5594
0.366837024,53805.0777,31619.6206,24186.9381
0.367972743,57148.5772,31747.0471,24073.1003
0.369108461,59511.5849,31975.8642,23960.0397
0.370244179,60874.2315,32157.9683,23847.7499
0.371379898,62324.9097,32216.9558,23736.2248
0.372515616,64720.3308,32216.9558,23625.4581
0.373651334,67489.5072,32216.9558,23515.4436
0.374787053,68736.8116,32216.9558,23406.1753
0.375922771,66680.3372,32267.111,23297.6471
0.377058489,61220.3092,32424.661,23189.8531
0.378194208,54226.2811,32730.2382,23082.7872
0.379329926,48275.5322,32730.2382,22976.4436
0.380465645,44979.4607,32730.2382,22870.8165
0.381601363,44339.7672,32730.2382,22765.9
0.382737081,45385.1377,32730.2382,22661.6885
0.3838728,47144.7317,32730.2382,22558.1762
0.385008518,49089.9362,32730.2382,22455.3576
0.386144236,50892.6052,32730.2382,22353.2269
0.387279955,52048.1309,32730.2382,22251.7787
0.388415673,52006.1644,32424.661,22151.0075
0.389551391,50762.6534,32267.111,22050.9079
0.39068711,49177.9179,32216.9558,21951.4744
0.391822828,48436.3329,32157.9683,21852.7017
0.392958546,48918.4466,31975.8642,21754.5845
0.394094265,49427.1792,31747.0471,21657.1175
0.395229983,47727.8901,31619.6206,21560.2955
0.396365701,42472.7355,31501.3015,21464.1135
0.39750142,34995.2723,31409.5847,21368.5661
0.398637138,28979.4882,31381.3612,21273.6484
0.399772856,27643.4153,31353.8359,21179.3554
0.400908575,30959.8759,31298.0746,21085.682
0.402044293,35427.1543,31298.0746,20992.6233
0.403180011,36389.2334,31298.0746,20900.1745
0.40431573,31843.2802,31298.0746,20808.3306
0.405451448,24336.6343,31298.0746,20717.0868
0.406587166,18768.824,31134.2528,20626.4384
0.407722885,18011.1244,30991.0877,20536.3807
0.408858603,20978.1079,30895.621,20446.9089
0.409994321,23999.8262,30756.6673,20358.0184
0.41113004,24090.577,30577.2356,20269.7047
0.412265758,21593.8757,30470.9813,20181.9631
0.413401476,19200.9305,30438.4034,20094.7891
0.414537195,18870.5594,30383.7724,20008.1782
0.415672913,20106.9904,30341.4795,19922.1261
0.416808631,20559.0198,30312.771,19836.6282
0.41794435,18436.5902,30161.4539,19751.6803
0.419080068,14433.1611,29962.1151,19667.2779
0.420215786,10963.1655,29868.0024,19583.4169
0.421351505,9537.30062,29736.6075,19500.0929
0.422487223,9607.373,29524.2045,19417.3017
0.423622942,9992.28738,29405.2322,19335.0393
0.42475866,10011.6987,29305.1192,19253.3013
0.425894378,9827.06381,29199.7599,19172.0837
0.427030097,9948.3085,29190.5817,19091.3825
0.428165815,10469.7217,29166.8147,19011.1937
0.429301533,10938.2222,29166.8147,18931.5131
0.430437252,10882.9712,29062.3021,18852.3369
0.43157297,10375.8011,28966.1228,18773.6611
0.432708688,10079.005,28582.6552,18695.4819
0.433844407,10848.8107,28114.2941,18617.7954
0.434980125,13253.1336,27996.6236,18540.5977
0.436115843,17119.2379,27952.8899,18463.8851
0.437251562,21398.405,27864.4937,18387.6538
0.43838728,24612.4478,27721.9175,18311.9001
0.439522998,25686.9011,27613.0194,18236.6203
0.440658717,24713.3887,27508.6476,18161.8108
0.441794435,23022.24,27427.0385,18087.4679
0.442930153,22353.198,27377.453,18013.588
0.444065872,23693.0059,27322.2402,17940.1675
0.44520159,26558.262,27251.5024,17867.203
0.446337308,29407.0957,27192.397,17794.6909
0.447473027,31022.2994,27014.9639,17722.6278
0.448608745,31404.9937,26824.6983,17651.0102
0.449744463,31357.7287,26759.8506,17579.8347
0.450880182,31414.1757,26705.786,17509.098
0.4520159,31246.2061,26688.6233,17438.7966
0.453151618,30020.1272,26616.7002,17368.9273
0.454287337,27308.9796,26512.0989,17299.4868
0.455423055,23691.9405,26410.205,17230.4718
0.456558773,20466.6495,26295.9902,17161.8791
0.457694492,18720.4688,26224.4449,17093.7054
0.45883021,18616.4002,26012.3225,17025.9477
0.459965928,19487.0013,26012.3225,16958.6027
0.461101647,20302.4319,26012.3225,16891.6673
0.462237365,20129.433,25750.0813,16825.1384
0.463373083,18636.2739,25649.4319,16759.013
0.464508802,16392.8985,25426.8065,16693.288
0.46564452,14541.7841,25426.8065,16627.9604
0.466780239,13900.1844,25426.8065,16563.0273
0.467915957,14193.5061,25198.8975,16498.4856
0.469051675,14212.557,24976.3111,16434.3324
0.470187394,13171.1334,24754.9331,16370.5648
0.471323112,11955.1939,24668.9151,16307.1799
0.47245883,12624.0985,24618.4447,16244.1749
0.473594549,16835.0748,24618.4447,16181.5469
0.474730267,23680.0108,24618.4447,16119.2932
0.475865985,29192.65,24618.4447,16057.4108
0.477001704,29904.103,24618.4447,15995.8971
0.478137422,26211.3836,24618.4447,15934.7494
0.47927314,22039.1054,24618.4447,15873.9648
0.480408859,21034.8091,24618.4447,15813.5408
0.481544577,23571.8065,24618.4447,15753.4746
0.482680295,26810.2375,24618.4447,15693.7636
0.483816014,27419.4053,24618.4447,15634.4052
0.484951732,25156.1447,24527.1611,15575.3967
0.48608745,22830.0408,24389.2544,15516.7357
0.487223169,22699.4937,24252.9712,15458.4195
0.488358887,23904.8553,24129.9425,15400.4456
0.489494605,23665.9634,24056.6609,15342.8115
0.490630324,20883.386,24011.2855,15285.5147
0.491766042,18242.3809,23952.3407,15228.5527
0.49290176,19874.4749,23798.9306,15171.9232
0.494037479,27335.5008,23692.4732,15115.6236
0.495173197,37375.6901,23685.9757,15059.6515
0.496308915,44246.6599,23679.5117,15004.0046
0.497444634,45189.3167,23672.488,14948.6805
0.498580352,42689.2365,23672.488,14893.6769
0.49971607,41350.2244,23672.488,14838.9914
0.500851789,43120.1424,23672.488,14784.6217
0.501987507,45741.6511,23672.488,14730.5656
0.503123225,45635.177,23672.488,14676.8208
0.504258944,42198.2253,23672.488,14623.3849
0.505394662,38577.427,23672.488,14570.2559
0.50653038,38037.6038,23618.8849,14517.4315
0.507666099,40286.8744,23512.6379,14464.9094
0.508801817,41459.8941,23301.8692,14412.6876
0.509937535,37728.1685,23119.2115,14360.7639
0.511073254,29188.5133,23055.197,14309.1361
0.512208972,19926.6266,22926.1404,14257.8021
0.513344691,14235.8526,22764.7672,14206.7598
0.514480409,12881.5602,22526.3459,14156.0072
0.515616127,13542.3336,22329.0234,14105.5421
0.516751846,13826.3602,22171.9771,14055.3626
0.517887564,13248.6886,21915.3183,14005.4666
0.519023282,12983.4093,21692.7034,13955.8521
0.520159001,14059.8463,21496.1404,13906.517
0.521294719,16177.2191,21360.1811,13857.4595
0.522430437,18003.1215,21315.6987,13808.6775
0.523566156,18532.0867,21204.5595,13760.1691
0.524701874,17862.7625,21067.244,13711.9324
0.525837592,16649.2039,21006.4585,13663.9654
0.526973311,15307.7648,20938.2301,13616.2663
0.528109029,14028.6409,20890.8692,13568.8332
0.529244747,13376.0071,20803.1347,13521.6641
0.530380466,14503.7472,20640.9516,13474.7574
0.531516184,18319.931,20516.3829,13428.1111
0.532651902,24441.8744,20472.5397,13381.7233
0.533787621,31349.9431,20468.9914,13335.5924
0.534923339,37414.0351,20402.8112,13289.7165
0.536059057,41850.4203,20320.7024,13244.0938
0.537194776,44847.4322,20215.9325,13198.7226
0.538330494,46906.8599,20118.2117,13153.6011
0.539466212,48223.2511,20063.5252,13108.7276
0.540601931,48738.7637,20015.4347,13064.1004
0.541737649,48681.4674,20006.5977,13019.7178
0.542873367,48862.7371,19964.5064,12975.5781
0.544009086,50295.5161,19900.5508,12931.6795
0.545144804,53424.0185,19849.7197,12888.0206
0.546280522,57625.2764,19810.7078,12844.5995
0.547416241,61381.7266,19788.0858,12801.4147
0.548551959,62995.7273,19752.2268,12758.4645
0.549687677,61375.8348,19675.9972,12715.7474
0.550823396,56482.8887,19557.1312,12673.2617
0.551959114,49303.263,19465.1212,12631.0059
0.553094832,41438.788,19325.5861,12588.9783
0.554230551,34512.0664,19204.4307,12547.1776
0.555366269,29641.3133,19197.6643,12505.602
0.556501988,27194.0252,19176.5167,12464.25
0.557637706,26839.159,19140.0483,12423.1202
0.558773424,27800.4197,19033.404,12382.2111
0.559909143,29206.8698,18916.8182,12341.5211
0.561044861,30360.1978,18879.4246,12301.0487
0.562180579,30831.3661,18870.3655,12260.7926
0.563316298,30472.5027,18860.999,12220.7512
0.564452016,29403.3687,18850.4598,12180.9231
0.565587734,27928.5677,18845.9102,12141.3068
0.566723453,26354.4742,18827.1379,12101.901
0.567859171,24796.4775,18802.1949,12062.7041
0.568994889,23150.2691,18780.8326,12023.7149
0.570130608,21309.4402,18744.6464,11984.932
0.571266326,19443.2411,18708.7826,11946.3539
0.572402044,17996.7076,18690.0998,11907.9793
0.573537763,17366.3446,18659.6885,11869.8068
0.574673481,17596.2652,18659.6885,11831.8351
0.575809199,18311.0336,18633.3704,11794.0628
0.576944918,18888.2898,18623.4336,11756.4887
0.578080636,18870.1716,18589.5291,11719.1114
0.579216354,18309.0164,18547.3723,11681.9296
0.580352073,17660.5029,18547.3723,11644.942
0.581487791,17350.0367,18547.3723,11608.1474
0.582623509,17509.4868,18547.3723,11571.5444
0.583759228,18071.2121,18547.3723,11535.1319
0.584894946,18945.3466,18589.5291,11498.9085
0.586030664,20002.3862,18623.4336,11462.873
0.587166383,20898.3523,18633.3704,11427.0242
0.588302101,21099.6789,18659.6885,11391.3608
0.589437819,20338.9729,18690.0998,11355.8817
0.590573538,19121.4614,18690.0998,11320.5856
0.591709256,18630.467,18690.0998,11285.4714
0.592844974,20010.8093,18690.0998,11250.5378
0.593980693,23453.4693,18690.0998,11215.7838
0.595116411,27434.6718,18690.0998,11181.208
0.596252129,29430.6729,18690.0998,11146.8095
0.597387848,28016.0351,18690.0998,11112.5869
0.598523566,24169.308,18690.0998,11078.5392
0.599659284,20473.7461,18690.0998,11044.6653
0.600795003,18851.8263,18690.0998,11010.964
0.601930721,19207.931,18690.0998,10977.4342
0.60306644,20020.06,18690.0998,10944.0749
0.604202158,19724.7332,18659.6885,10910.8848
0.605337876,18077.8686,18633.3704,10877.863
0.606473595,16263.7769,18623.4336,10845.0084
0.607609313,15538.258,18589.5291,10812.3198
0.608745031,15965.5527,18547.3723,10779.7962
0.60988075,16411.585,18426.0089,10747.4367
0.611016468,15622.7373,18315.4823,10715.24
0.612152186,13514.9673,18310.025,10683.2052
0.613287905,11345.2855,18275.6987,10651.3313
0.614423623,10561.2664,18229.6444,10619.6173
0.615559341,11739.7971,18208.0376,10588.062
0.61669506,14282.3318,18138.518,10556.6646
0.617830778,16717.4316,18074.5403,10525.424
0.618966496,17866.0534,18074.5403,10494.3392
0.620102215,17621.6972,18074.5403,10463.4093
0.621237933,16674.3563,18074.5403,10432.6332
0.622373651,15771.8029,18074.5403,10402.0101
0.62350937,15276.258,18037.1668,10371.5389
0.624645088,15213.5712,17999.9145,10341.2186
0.625780806,15515.5327,17994.9463,10311.0485
0.626916525,16170.4284,17982.9204,10281.0274
0.628052243,17220.0809,17933.3134,10251.1545
0.629187961,18683.1032,17880.4382,10221.4289
0.63032368,20471.3332,17866.4793,10191.8496
0.631459398,22304.8488,17866.4793,10162.4157
0.632595116,23679.0126,17866.4793,10133.1264
0.633730835,24022.7448,17866.4793,10103.9806
0.634866553,23088.1539,17866.4793,10074.9776
0.636002271,21321.9573,17866.4793,10046.1165
0.63713799,19824.9644,17866.4793,10017.3963
0.638273708,19796.4511,17866.4793,9988.81626
0.639409426,21791.5312,17866.4793,9960.37543
0.640545145,25250.6974,17866.4793,9932.07298
0.641680863,28813.7218,17864.4079,9903.90806
0.642816581,31316.8454,17815.2956,9875.87984
0.6439523,32533.0884,17714.1658,9847.98746
0.645088018,33030.364,17641.1001,9820.2301
0.646223737,33375.7639,17608.9812,9792.60694
0.647359455,33428.2307,17552.876,9765.11715
0.648495173,32350.0667,17437.9157,9737.75991
0.649630892,29423.7459,17358.1907,9710.53443
0.65076661,25020.9343,17290.0023,9683.43991
0.651902328,20722.8834,17225.0244,9656.47553
0.653038047,18199.1673,17020.6965,9629.64053
0.654173765,17866.9052,16816.3942,9602.93411
0.655309483,18697.0964,16764.454,9576.35549
0.656445202,18842.7273,16695.8939,9549.90391
0.65758092,16811.4763,16661.7801,9523.57859
0.658716638,12683.8091,16614.4479,9497.37878
0.659852357,8176.77391,16495.681,9471.30372
0.660988075,5400.34007,16411.6276,9445.35266
0.662123793,5320.13898,16407.0521,9419.52486
0.663259512,7418.71176,16357.063,9393.81958
0.66439523,10368.9035,16287.6918,9368.23608
0.665530948,12905.7329,16244.0739,9342.77364
0.666666667,14491.7127,16214.0187,9317.43153
0.667802385,15225.6227,16190.4429,9292.20904
0.668938103,15419.5572,16176.847,9267.10546
0.670073822,15345.0883,16173.4517,9242.12007
0.67120954,15209.7758,16168.261,9217.25218
0.672345258,15153.4375,16076.609,9192.5011
0.673480977,15185.3437,15976.3386,9167.86612
0.674616695,15200.9843,15963.7643,9143.34656
0.675752413,15160.7931,15896.7007,9118.94174
0.676888132,15230.5841,15801.6142,9094.65098
0.67802385,15623.2816,15762.4841,9070.47362
0.679159568,16224.3708,15688.2234,9046.40898
0.680295287,16411.6701,15688.2234,9022.4564
0.681431005,15435.9223,15688.2234,8998.61523
0.682566723,13162.9621,15688.2234,8974.88481
0.683702442,10389.7134,15688.2234,8951.26449
0.68483816,8250.00889,15688.2234,8927.75364
0.685973878,7276.62682,15688.2234,8904.3516
0.687109597,7212.54144,15688.2234,8881.05776
0.688245315,7534.27292,15623.0095,8857.87147
0.689381034,7982.51576,15580.4976,8834.79212
0.690516752,8709.62393,15526.8953,8811.81908
0.69165247,9895.23849,15503.5158,8788.95173
0.692788189,11236.3377,15503.5158,8766.18947
0.693923907,11956.3111,15526.8953,8743.53168
0.695059625,11543.5258,15543.6523,8720.97777
0.696195344,10400.7266,15585.8919,8698.52713
0.697331062,9548.04923,15623.0095,8676.17917
0.69846678,9762.27532,15623.0095,8653.9333
0.699602499,11121.1575,15585.8919,8631.78894
0.700738217,12930.8374,15543.6523,8609.74549
0.701873935,14175.1623,15526.8953,8587.80239
0.703009654,14377.868,15503.5158,8565.95905
0.704145372,13869.0934,15489.2903,8544.21492
0.70528109,13302.7863,15461.502,8522.56941
0.706416809,13096.4827,15427.7398,8501.02198
0.707552527,13318.9713,15382.3228,8479.57206
0.708688245,13920.7221,15310.6732,8458.21909
0.709823964,14916.2755,15253.421,8436.96254
0.710959682,16311.6068,15228.1034,8415.80184
0.7120954,17893.9711,15219.597,8394.73647
0.713231119,19194.3982,15211.6735,8373.76587
0.714366837,19779.7205,15205.3801,8352.88952
0.715502555,19627.2612,15193.164,8332.10689
0.716638274,19158.6353,15173.0684,8311.41743
0.717773992,18849.0932,15157.1153,8290.82065
0.71890971,18811.5485,15034.8565,8270.316
0.720045429,18792.8413,14844.2083,8249.90297
0.721181147,18562.6579,14697.1853,8229.58106
0.722316865,18216.9079,14582.6945,8209.34975
0.723452584,17993.1851,14517.4361,8189.20854
0.724588302,17767.8287,14457.9043,8169.15691
0.72572402,16821.3121,14457.9043,8149.19438
0.726859739,14334.8098,14457.9043,8129.32045
0.727995457,10347.639,14457.9043,8109.53463
0.729131175,6220.4555,14457.9043,8089.83642
0.730266894,3829.36723,14457.9043,8070.22534
0.731402612,3478.12311,14457.9043,8050.70091
0.73253833,4380.08942,14457.9043,8031.26265
0.733674049,5843.0392,14457.9043,8011.91009
0.734809767,7066.66398,14457.9043,7992.64274
0.735945486,7906.00835,14457.9043,7973.46015
0.737081204,8848.80554,14457.9043,7954.36184
0.738216922,10270.8859,14457.9043,7935.34736
0.739352641,11938.0394,14457.9043,7916.41624
0.740488359,13091.4023,14400.982,7897.56803
0.741624077,13139.5062,14356.3389,7878.80227
0.742759796,12368.1898,14308.5708,7860.11851
0.743895514,11910.1256,14252.2545,7841.51631
0.745031232,13008.0337,14198.6697,7822.99522
0.746166951,16176.475,14139.334,7804.5548
0.747302669,20560.5564,14041.8764,7786.19461
0.748438387,24341.3899,13954.7868,7767.91421
0.749574106,26176.31,13925.0243,7749.71318
0.750709824,26145.6989,13894.9078,7731.59108
0.751845542,25341.5445,13719.9902,7713.54749
0.752981261,24625.4931,13550.2102,7695.58198
0.754116979,23834.3088,13522.2503,7677.69413
0.755252697,22170.9756,13449.5084,7659.88353
0.756388416,19381.7216,13358.9553,7642.14975
0.757524134,16402.5192,13326.4162,7624.49239
0.758659852,14543.1594,13310.8788,7606.91104
0.759795571,14103.5056,13261.0089,7589.40528
0.760931289,14222.1771,13191.3126,7571.97472
0.762067007,13929.3265,13163.1779,7554.61895
0.763202726,13127.8589,13151.2342,7537.33757
0.764338444,12536.6784,13133.6826,7520.13019
0.765474162,12690.5163,13112.1708,7502.99641
0.766609881,13163.3936,13093.9425,7485.93584
0.767745599,13052.1667,13071.7845,7468.94809
0.768881317,12255.0832,13030.1002,7452.03279
0.770017036,11704.267,12969.4355,7435.18953
0.771152754,12195.4348,12918.2851,7418.41795
0.772288472,13384.0495,12798.1246,7401.71766
0.773424191,13980.2472,12687.1627,7385.08828
0.774559909,13219.2316,12660.3167,7368.52946
0.775695627,11973.4572,12634.4553,7352.0408
0.776831346,11847.3715,12608.5162,7335.62195
0.777967064,13529.5334,12560.8123,7319.27253
0.779102783,15987.1245,12452.4341,7302.99219
0.780238501,17229.9679,12452.4341,7286.78057
0.781374219,16579.6918,12452.4341,7270.63729
0.782509938,15491.4989,12452.4341,7254.56202
0.783645656,15831.4256,12311.6365,7238.55438
0.784781374,17972.6557,12225.259,7222.61404
0.785917093,20549.6055,12084.446,7206.74063
0.787052811,21638.2274,11964.8842,7190.93382
0.788188529,20510.0773,11947.1753,7175.19325
0.789324248,18162.1861,11924.0825,7159.51859
0.790459966,16203.6666,11878.7486,7143.9095
0.791595684,15487.0816,11775.8193,7128.36562
0.792731403,15753.1652,11623.8964,7112.88664
0.793867121,16166.0935,11489.2742,7097.47221
0.795002839,15961.9759,11489.2742,7082.122
0.796138558,14772.141,11489.2742,7066.83568
0.797274276,12636.8244,11489.2742,7051.61292
0.798409994,9901.60544,11427.7261,7036.45341
0.799545713,7068.34624,11328.3837,7021.3568
0.800681431,4630.74814,11222.3742,7006.32279
0.801817149,3007.14003,11164.7841,6991.35105
0.802952868,2385.29515,11105.7278,6976.44127
0.804088586,2434.29786,11005.7378,6961.59313
0.805224304,2791.56719,10883.6954,6946.80631
0.806360023,3171.58532,10782.7525,6932.08051
0.807495741,3190.29914,10649.4973,6917.41541
0.808631459,2755.46955,10490.2147,6902.81071
0.809767178,2351.15876,10395.22,6888.2661
0.810902896,2416.48346,10379.3084,6873.78129
0.812038614,3046.25781,10358.2712,6859.35595
0.813174333,3856.23379,10358.2712,6844.98981
0.814310051,3979.08031,10358.2712,6830.68255
0.815445769,3336.25422,10358.2712,6816.43389
0.816581488,2855.33065,10358.2712,6802.24352
0.817717206,3298.72075,10358.2712,6788.11116
0.818852924,4909.32088,10358.2712,6774.03652
0.819988643,6573.86681,10358.2712,6760.0193
0.821124361,6960.97903,10358.2712,6746.05923
0.82226008,6444.35131,10358.2712,6732.156
0.823395798,6394.1715,10358.2712,6718.30936
0.824531516,7708.82017,10358.2712,6704.519
0.825667235,9967.73061,10358.2712,6690.78465
0.826802953,11208.4107,10379.3084,6677.10604
0.827938671,10215.5514,10395.22,6663.48288
0.82907439,8101.42584,10395.22,6649.9149
0.830210108,6857.01361,10395.22,6636.40184
0.831345826,7004.42199,10395.22,6622.94341
0.832481545,7750.27079,10368.6762,6609.53935
0.833617263,7946.9835,10309.2624,6596.18939
0.834752981,7106.01936,10243.2186,6582.89327
0.8358887,5857.18637,10199.4943,6569.65071
0.837024418,5036.7425,10110.8036,6556.46147
0.838160136,4807.955,10036.2496,6543.32527
0.839295855,4863.78756,10019.1301,6530.24186
0.840431573,4955.75382,9985.83081,6517.21098
0.841567291,5086.16031,9934.66802,6504.23237
0.84270301,5263.74369,9898.42196,6491.30578
0.843838728,5270.71263,9851.40233,6478.43095
0.844974446,4892.0947,9784.92074,6465.60764
0.846110165,4367.65607,9710.58869,6452.83559
0.847245883,4464.27632,9627.56535,6440.11456
0.848381601,6101.49687,9582.99078,6427.44429
0.84951732,8820.08307,9558.90108,6414.82454
0.850653038,10846.2131,9545.25959,6402.25508
0.851788756,11090.298,9545.25959,6389.73564
0.852924475,10038.17,9545.25959,6377.26601
0.854060193,9083.15244,9545.25959,6364.84592
0.855195911,9204.50976,9545.25959,6352.47516
0.85633163,10579.7027,9545.25959,6340.15347
0.857467348,12632.0862,9545.25959,6327.88063
0.858603066,14424.096,9538.10118,6315.6564
0.859738785,15549.0466,9514.07826,6303.48055
0.860874503,16257.7077,9485.97362,6291.35285
0.862010221,16854.7297,9473.01599,6279.27307
0.86314594,17276.0893,9454.78737,6267.24097
0.864281658,17178.7163,9438.92397,6255.25634
0.865417376,16281.0212,9405.68298,6243.31895
0.866553095,14622.2296,9366.57725,6231.42857
0.867688813,12584.9462,9316.26266,6219.58498
0.868824532,10719.2919,9273.03696,6207.78796
0.86996025,9477.52314,9262.23589,6196.03729
0.871095968,8993.82661,9251.22885,6184.33275
0.872231687,9084.42619,9227.30743,6172.67413
0.873367405,9441.0659,9189.20228,6161.0612
0.874503123,9807.56617,9168.27019,6149.49376
0.875638842,10034.3292,9123.53589,6137.97158
0.87677456,10003.931,9083.78931,6126.49447
0.877910278,9533.73242,9080.75974,6115.06219
0.879045997,8438.34012,9068.7081,6103.67456
0.880181715,6779.90662,9038.82679,6092.33135
0.881317433,5040.6353,9006.21552,6081.03236
0.882453152,3869.41723,8993.03587,6069.77739
0.88358887,3534.03314,8979.75617,6058.56623
0.884724588,3921.40445,8958.10494,6047.39867
0.885860307,4835.26473,8898.8741,6036.27452
0.886996025,6067.26738,8844.41445,6025.19357
0.888131743,7556.52528,8830.05322,6014.15562
0.889267462,9374.58392,8680.00293,6003.16048
0.89040318,11435.0225,8491.93319,5992.20794
0.891538898,13333.8611,8441.14186,5981.29781
0.892674617,14597.3416,8336.37527,5970.4299
0.893810335,15094.9553,8205.1574,5959.60401
0.894946053,15154.7178,8138.66511,5948.81995
0.896081772,15249.323,8138.66511,5938.07752
0.89721749,15589.3186,8138.66511,5927.37654
0.898353208,16019.7197,8138.66511,5916.71681
0.899488927,16258.5096,8138.66511,5906.09816
0.900624645,16206.5305,8138.66511,5895.52038
0.901760363,16030.8904,8138.66511,5884.98329
0.902896082,15960.1748,8138.66511,5874.48671
0.9040318,16005.0403,8024.20467,5864.03046
0.905167518,15865.3135,7926.88371,5853.61435
0.906303237,15121.7622,7879.59908,5843.2382
0.907438955,13570.887,7801.34252,5832.90183
0.908574673,11420.4297,7729.54548,5822.60505
0.909710392,9173.89479,7632.67273,5812.3477
0.91084611,7291.40362,7532.03676,5802.12959
0.911981829,5921.16828,7408.53569,5791.95054
0.913117547,4932.1522,7300.46338,5781.81038
0.914253265,4135.89444,7270.99514,5771.70894
0.915388984,3470.23541,7178.30301,5761.64604
0.916524702,3027.68279,7087.1828,5751.62151
0.91766042,2911.677,7065.3798,5741.63517
0.918796139,3120.93439,7033.41768,5731.68687
0.919931857,3539.07305,6982.70051,5721.77641
0.921067575,3947.10558,6933.78549,5711.90365
0.922203294,4147.36709,6881.80278,5702.06841
0.923339012,4107.84472,6818.46011,5692.27052
0.92447473,3934.21512,6676.88672,5682.50982
0.925610449,3740.57875,6509.10906,5672.78614
0.926746167,3584.27245,6419.26141,5663.09932
0.927881885,3486.01021,6247.83419,5653.44919
0.929017604,3464.88108,6084.38212,5643.8356
0.930153322,3520.75429,6057.38445,5634.25839
0.93128904,3605.94103,6011.03772,5624.71738
0.932424759,3664.36431,6011.03772,5615.21243
0.933560477,3661.59805,6011.03772,5605.74337
0.934696195,3571.56587,6011.03772,5596.31006
0.935831914,3352.2831,6011.03772,5586.91232
0.936967632,2950.88198,6011.03772,5577.55001
0.93810335,2391.26021,6011.03772,5568.22296
0.939239069,1899.21077,6011.03772,5558.93104
0.940374787,1715.07985,6011.03772,5549.67408
0.941510505,1781.72472,6011.03772,5540.45193
0.942646224,1961.80197,6011.03772,5531.26444
0.943781942,2157.90404,6011.03772,5522.11146
0.94491766,2314.57093,5947.8711,5512.99284
0.946053379,2466.17168,5889.17732,5503.90843
0.947189097,2702.1694,5763.24352,5494.85809
0.948324815,3025.46839,5647.87479,5485.84166
0.949460534,3347.14735,5571.61477,5476.859
0.950596252,3677.55242,5513.53492,5467.90996
0.95173197,4237.57832,5465.81989,5458.99441
0.952867689,5316.96315,5414.71739,5450.11219
0.954003407,6906.59196,5362.52368,5441.26317
0.955139125,8443.9436,5316.2287,5432.4472
0.956274844,9252.3526,5293.10344,5423.66413
0.957410562,9273.95475,5267.22816,5414.91384
0.958546281,9162.64559,5237.20176,5406.19617
0.959681999,9658.90206,5194.92595,5397.511
0.960817717,10921.1777,5176.59335,5388.85817
0.961953436,12227.6861,5130.07747,5380.23757
0.963089154,12551.1366,5130.07747,5371.64904
0.964224872,11634.6122,5130.07747,5363.09245
0.965360591,10183.4372,5130.07747,5354.56767
0.966496309,8992.24513,5130.07747,5346.07456
0.967632027,8175.90437,5176.59335,5337.61299
0.968767746,7309.52314,5194.92595,5329.18282
0.969903464,6047.50153,5194.92595,5320.78393
0.971039182,4550.51182,5194.92595,5312.41618
0.972174901,3348.07727,5194.92595,5304.07944
0.973310619,2762.92749,5194.92595,5295.77358
0.974446337,2528.77718,5194.92595,5287.49848
0.975582056,2397.60861,5194.92595,5279.254
0.976717774,2657.36143,5194.92595,5271.04001
0.977853492,4374.3449,5194.92595,5262.85639
0.978989211,7852.41425,5194.92595,5254.70301
0.980124929,11444.0308,5194.92595,5246.57975
0.981260647,13535.0781,5194.92595,5238.48648
0.982396366,13781.228,5194.92595,5230.42308
0.983532084,13196.7304,5194.92595,5222.38942
0.984667802,12998.9612,5194.92595,5214.38538
0.985803521,13510.9775,5194.92595,5206.41084
0.986939239,14068.331,5176.59335,5198.46567
0.988074957,13785.362,5130.07747,5190.54975
0.989210676,12603.8626,5064.65152,5182.66298
0.990346394,11409.7133,5041.88901,5174.80521
0.991482112,11011.0741,5038.6889,5166.97634
0.992617831,11324.2009,4996.24816,5159.17625
0.993753549,11525.3449,4951.83327,5151.40482
0.994889267,10845.0631,4946.00283,5143.66193
0.996024986,9358.57057,4938.12257,5135.94747
0.997160704,7906.78392,4924.61807,5128.26131
0.998296422,7250.58666,4904.58932,5120.60335
0.999432141,7507.54824,4880.84197,5112.97347
1.00056786,8234.41043,4866.6884,5105.37156
1.00170358,8840.02337,4854.4478,5097.7975
1.0028393,9059.04915,4840.18639,5090.25118
1.00397501,9018.60442,4821.60987,5082.73249
1.00511073,8948.94267,4792.93221,5075.24131
1.00624645,8967.26722,4650.55575,5067.77755
1.00738217,9078.36704,4525.20539,5060.34107
1.00851789,9250.1051,4482.08763,5052.93178
1.00965361,9436.78204,4463.07448,5045.54957
1.01078932,9569.75292,4421.18293,5038.19433
1.01192504,9596.22863,4377.41907,5030.86594
1.01306076,9542.46994,4377.41907,5023.56431
1.01419648,9494.4241,4336.9776,5016.28932
1.0153322,9468.50884,4268.59432,5009.04088
1.01646792,9272.11917,4231.35188,5001.81887
1.01760363,8539.92279,4186.24626,4994.62318
1.01873935,7062.41337,4141.63076,4987.45372
1.01987507,5173.99463,4121.86958,4980.31039
1.02101079,3724.72811,4027.47515,4973.19306
1.02214651,3170.49338,3940.66035,4966.10166
1.02328223,3132.48587,3927.80978,4959.03606
1.02441794,3222.72005,3909.5076,4951.99618
1.02555366,3213.8081,3883.514,4944.9819
1.02668938,3037.9191,3883.514,4937.99313
1.0278251,2821.92123,3883.514,4931.02977
1.02896082,2740.24631,3883.514,4924.09172
1.03009654,2794.60905,3883.514,4917.17888
1.03123225,2850.70791,3883.514,4910.29115
1.03236797,2810.51731,3883.514,4903.42843
1.03350369,2650.65895,3883.514,4896.59063
1.03463941,2361.44777,3883.514,4889.77764
1.03577513,1905.15092,3883.514,4882.98938
1.03691085,1289.58183,3883.514,4876.22575
1.03804656,822.77071,3883.514,4869.48664
1.03918228,742.675112,3883.514,4862.77197
1.040318,787.352505,3883.514,4856.08164
1.04145372,809.652249,3883.514,4849.41556
1.04258944,740.264126,3883.514,4842.77363
1.04372516,524.47424,3883.514,4836.15577
1.04486087,252.870394,3883.514,4829.56187
1.04599659,213.78542,3883.514,4822.99185
1.04713231,421.520026,3883.514,4816.44561
1.04826803,826.540511,3883.514,4809.92307
1.04940375,1442.80928,3909.5076,4803.42413
1.05053947,2370.67648,3927.80978,4796.9487
1.05167518,3470.11899,3940.66035,4790.4967
1.0528109,4380.49324,3940.66035,4784.06804
1.05394662,4845.10805,3940.66035,4777.66262
1.05508234,4917.08395,3940.66035,4771.28035
1.05621806,4869.58925,3940.66035,4764.92116
1.05735378,4947.91272,3940.66035,4758.58495
1.05848949,5210.65983,3940.66035,4752.27164
1.05962521,5516.78063,3940.66035,4745.98113
1.06076093,5669.30068,3940.66035,4739.71335
1.06189665,5626.44891,3940.66035,4733.46821
1.06303237,5510.28921,3940.66035,4727.24563
1.06416809,5421.35058,3940.66035,4721.04551
1.0653038,5315.49424,3940.66035,4714.86777
1.06643952,5043.14272,3940.66035,4708.71234
1.06757524,4499.89895,3940.66035,4702.57913
1.06871096,3761.86393,3940.66035,4696.46805
1.06984668,3054.05876,3940.66035,4690.37902
1.0709824,2560.47016,3940.66035,4684.31196
1.07211811,2303.57612,3940.66035,4678.2668
1.07325383,2226.45416,3940.66035,4672.24344
1.07438955,2289.45133,3940.66035,4666.24181
1.07552527,2466.27114,3940.66035,4660.26183
1.07666099,2700.65471,3940.66035,4654.30341
1.07779671,2914.20902,3940.66035,4648.36648
1.07893242,3061.15751,3940.66035,4642.45096
1.08006814,3133.73475,3940.66035,4636.55678
1.08120386,3114.42183,3940.66035,4630.68384
1.08233958,2955.50277,4000.43594,4624.83208
1.0834753,2631.87224,4055.48923,4619.00141
1.08461102,2215.47195,4065.89233,4613.19177
1.08574673,1851.48018,4081.309,4607.40307
1.08688245,1637.31195,4097.94512,4601.63523
1.08801817,1567.09566,4112.78125,4595.88819
1.08915389,1580.94752,4112.78125,4590.16186
1.09028961,1635.41576,4146.33132,4584.45618
1.09142533,1750.31033,4180.00956,4578.77106
1.09256104,2012.04614,4205.09984,4573.10643
1.09369676,2542.3536,4231.35188,4567.46222
1.09483248,3364.14728,4268.59432,4561.83835
1.0959682,4299.61031,4331.98721,4556.23476
1.09710392,5179.19206,4369.3545,4550.65137
1.09823964,5974.57392,4377.41907,4545.0881
1.09937535,6684.18285,4396.2638,4539.54488
1.10051107,7219.84963,4396.2638,4534.02165
1.10164679,7454.48965,4396.2638,4528.51833
1.10278251,7367.06948,4396.2638,4523.03485
1.10391823,7103.07321,4396.2638,4517.57114
1.10505395,6871.67125,4396.2638,4512.12713
1.10618966,6794.35517,4396.2638,4506.70275
1.10732538,6836.00296,4396.2638,4501.29793
1.1084611,6838.54125,4396.2638,4495.91261
1.10959682,6633.17459,4396.2638,4490.5467
1.11073254,6148.02339,4396.2638,4485.20015
1.11186826,5408.08421,4396.2638,4479.87288
1.11300398,4461.87263,4396.2638,4474.56484
1.11413969,3371.51013,4396.2638,4469.27594
1.11527541,2311.5518,4396.2638,4464.00613
1.11641113,1579.41398,4396.2638,4458.75534
1.11754685,1310.25299,4396.2638,4453.52349
1.11868257,1488.3767,4419.98344,4448.31053
1.11981829,2196.26001,4419.98344,4443.11639
1.120954,3210.59201,4419.98344,4437.94101
1.12208972,3864.86113,4419.98344,4432.78431
1.12322544,3808.41985,4419.98344,4427.64624
1.12436116,3293.71163,4419.98344,4422.52673
1.12549688,2836.47705,4419.98344,4417.42571
1.1266326,2834.55357,4419.98344,4412.34312
1.12776831,3539.01025,4419.98344,4407.27891
1.12890403,4750.59968,4419.98344,4402.233
1.13003975,5840.18286,4419.98344,4397.20533
1.13117547,6438.43609,4419.98344,4392.19584
1.13231119,6579.0084,4419.98344,4387.20447
1.13344691,6442.61434,4419.98344,4382.23116
1.13458262,6129.40902,4419.98344,4377.27584
1.13571834,5628.85408,4419.98344,4372.33846
1.13685406,4944.09295,4419.98344,4367.41895
1.13798978,4225.12543,4419.98344,4362.51725
1.1391255,3718.31467,4435.48854,4357.6333
1.14026122,3547.93623,4449.0229,4352.76705
1.14139693,3650.57572,4458.43693,4347.91843
1.14253265,3848.78076,4458.43693,4343.08738
1.14366837,3897.61076,4458.43693,4338.27384
1.14480409,3620.46909,4458.43693,4333.47777
1.14593981,3078.56482,4449.0229,4328.69908
1.14707553,2508.98629,4435.48854,4323.93774
1.14821124,2073.02297,4419.98344,4319.19368
1.14934696,1760.63138,4396.2638,4314.46684
1.15048268,1497.51538,4372.42867,4309.75716
1.1516184,1278.84982,4331.98721,4305.0646
1.15275412,1200.81718,4264.54011,4300.38909
1.15388984,1287.36982,4227.29767,4295.73057
1.15502555,1454.71705,4205.09984,4291.08899
1.15616127,1597.18487,4180.00956,4286.4643
1.15729699,1631.35252,4146.33132,4281.85644
1.15843271,1558.00344,4115.93273,4277.26534
1.15956843,1459.00868,4113.54436,4272.69097
1.16070415,1408.0671,4100.49326,4268.13326
1.16183986,1408.54881,4081.309,4263.59215
1.16297558,1413.22782,4065.89233,4259.06761
1.1641113,1395.23781,4055.48923,4254.55956
1.16524702,1373.2138,4003.99625,4250.06795
1.16638274,1364.43264,3925.91848,4245.59275
1.16751846,1321.05935,3881.23595,4241.13388
1.16865417,1136.53814,3856.82095,4236.6913
1.16978989,870.139676,3828.6003,4232.26495
1.17092561,697.205073,3785.14189,4227.85479
1.17206133,619.249228,3743.29602,4223.46075
1.17319705,612.395951,3721.52139,4219.0828
1.17433277,733.219193,3710.98833,4214.72087
1.17546848,1017.63671,3677.11886,4210.37491
1.1766042,1272.54265,3644.33393,4206.04488
1.17773992,1448.51438,3629.28062,4201.73073
1.17887564,1605.18349,3617.83779,4197.4324
1.18001136,1732.53656,3581.57136,4193.14984
1.18114708,1760.37515,3543.47324,4188.883
1.18228279,1690.82452,3504.56462,4184.63184
1.18341851,1666.19005,3467.52129,4180.39629
1.18455423,1835.00881,3456.83702,4176.17633
1.18568995,2241.29264,3410.6104,4171.97189
1.18682567,2742.75008,3371.99024,4167.78292
1.18796139,3078.02867,3369.22622,4163.60938
1.1890971,3175.51964,3369.22622,4159.45122
1.19023282,3208.61726,3369.22622,4155.30839
1.19136854,3366.9423,3369.22622,4151.18085
1.19250426,3703.66199,3369.22622,4147.06854
1.19363998,4117.71777,3369.22622,4142.97142
1.1947757,4455.00124,3369.22622,4138.88944
1.19591141,4657.67293,3369.22622,4134.82256
1.19704713,4763.41558,3369.22622,4130.77072
1.19818285,4798.20866,3369.22622,4126.73388
1.19931857,4740.13598,3369.22622,4122.712
1.20045429,4578.08873,3369.22622,4118.70503
1.20159001,4364.36411,3369.22622,4114.71292
1.20272572,4185.07425,3369.22622,4110.73563
1.20386144,4088.04551,3369.22622,4106.77311
1.20499716,4057.21216,3369.22622,4102.82532
1.20613288,4053.7663,3369.22622,4098.89221
1.2072686,4074.5725,3369.22622,4094.97374
1.20840432,4174.94487,3369.22622,4091.06986
1.20954003,4443.04457,3369.22622,4087.18053
1.21067575,4939.05513,3369.22622,4083.30571
1.21181147,5614.67144,3369.22622,4079.44534
1.21294719,6272.13767,3369.22622,4075.5994
1.21408291,6645.32908,3369.22622,4071.76783
1.21521863,6575.94563,3369.22622,4067.95059
1.21635434,6138.04027,3369.22622,4064.14764
1.21749006,5589.12544,3369.22622,4060.35894
1.21862578,5200.18543,3365.54479,4056.58444
1.2197615,5116.58019,3334.91068,4052.8241
1.22089722,5265.32738,3299.69286,4049.07788
1.22203294,5379.13796,3292.93203,4045.34574
1.22316865,5284.465,3289.10396,4041.62763
1.22430437,5068.51331,3274.54525,4037.92352
1.22544009,4901.025,3236.81351,4034.23336
1.22657581,4852.34181,3209.60463,4030.55711
1.22771153,4870.60218,3202.88882,4026.89474
1.22884725,4825.27967,3187.0503,4023.24619
1.22998296,4630.38258,3176.22993,4019.61144
1.23111868,4412.03436,3168.63834,4015.99043
1.2322544,4427.93252,3159.66773,4012.38314
1.23339012,4771.52577,3145.65659,4008.78951
1.23452584,5343.95236,3124.07829,4005.20952
1.23566156,5946.83031,3113.38828,4001.64312
1.23679727,6335.72531,3113.38828,3998.09027
1.23793299,6347.35193,3113.38828,3994.55093
1.23906871,6027.97893,3113.38828,3991.02507
1.24020443,5608.00154,3113.38828,3987.51264
1.24134015,5337.94548,3113.38828,3984.01361
1.24247587,5342.23378,3113.38828,3980.52794
1.24361158,5586.88091,3113.38828,3977.05559
1.2447473,5950.38933,3113.38828,3973.59652
1.24588302,6322.22605,3113.38828,3970.1507
1.24701874,6634.62862,3109.69102,3966.71808
1.24815446,6835.40935,3103.43966,3963.29864
1.24929018,6879.90174,3103.43966,3959.89233
1.25042589,6761.33308,3103.43966,3956.49911
1.25156161,6525.41426,3103.43966,3953.11896
1.25269733,6233.04588,3103.43966,3949.75183
1.25383305,5918.1259,3103.43966,3946.39768
1.25496877,5610.03706,3103.43966,3943.05649
1.25610449,5394.29616,3103.43966,3939.72821
1.2572402,5403.92981,3103.43966,3936.41281
1.25837592,5717.15479,3103.43966,3933.11025
1.25951164,6236.30402,3103.43966,3929.8205
1.26064736,6666.26546,3103.43966,3926.54352
1.26178308,6717.84692,3089.20841,3923.27928
1.2629188,6368.04021,3078.29675,3920.02774
1.26405451,5841.39484,3074.47216,3916.78886
1.26519023,5337.54238,3047.88808,3913.56262
1.26632595,4829.13465,3015.38475,3910.34898
1.26746167,4112.94102,2970.01042,3907.1479
1.26859739,3107.02732,2923.01636,3903.95936
1.26973311,2151.41641,2902.86131,3900.7833
1.27086882,1659.86379,2885.79634,3897.61971
1.27200454,1528.13095,2857.13398,3894.46855
1.27314026,1552.74008,2835.51531,3891.32978
1.27427598,1631.06121,2821.49247,3888.20338
1.2754117,1707.79706,2792.54096,3885.0893
1.27654742,1834.46314,2759.70031,3881.98752
1.27768313,2121.70307,2739.91124,3878.89801
1.27881885,2572.133,2716.88335,3875.82072
1.27995457,3112.35473,2683.46819,3872.75563
1.28109029,3615.20649,2668.92446,3869.70271
1.28222601,3954.22621,2668.92446,3866.66192
1.28336173,4114.14769,2668.92446,3863.63323
1.28449744,4229.46991,2668.92446,3860.61661
1.28563316,4505.73072,2668.92446,3857.61203
1.28676888,5104.77715,2668.92446,3854.61946
1.2879046,6049.67649,2664.17918,3851.63886
1.28904032,7199.10971,2643.21582,3848.67021
1.29017604,8353.00848,2619.22605,3845.71347
1.29131175,9384.9893,2608.54384,3842.76862
1.29244747,10260.0744,2608.54384,3839.83561
1.29358319,10951.9996,2608.54384,3836.91443
1.29471891,11372.003,2608.54384,3834.00503
1.29585463,11396.157,2608.54384,3831.1074
1.29699035,10977.358,2608.54384,3828.2215
1.29812606,10233.7204,2608.54384,3825.3473
1.29926178,9412.50852,2608.54384,3822.48477
1.3003975,8746.2728,2608.54384,3819.63389
1.30153322,8327.40568,2608.54384,3816.79461
1.30266894,8088.6846,2588.22435,3813.96692
1.30380466,7857.30855,2563.75834,3811.15078
1.30494037,7438.0349,2553.31324,3808.34616
1.30607609,6714.88085,2538.43586,3805.55304
1.30721181,5725.34582,2517.30762,3802.77139
1.30834753,4638.6143,2501.27142,3800.00118
1.30948325,3638.09214,2489.59413,3797.24237
1.31061897,2808.43138,2485.07358,3794.49495
1.31175468,2129.64807,2473.97564,3791.75888
1.3128904,1555.2925,2460.39943,3789.03414
1.31402612,1073.68485,2456.69772,3786.32069
1.31516184,706.745546,2456.69772,3783.61851
1.31629756,474.165998,2456.69772,3780.92758
1.31743328,368.386472,2456.69772,3778.24786
1.31856899,361.902914,2456.69772,3775.57933
1.31970471,449.931651,2456.69772,3772.92196
1.32084043,679.731771,2456.69772,3770.27572
1.32197615,1092.63227,2456.69772,3767.64059
1.32311187,1587.20283,2456.69772,3765.01654
1.32424759,1994.60067,2456.69772,3762.40354
1.3253833,2264.44966,2456.69772,3759.80157
1.32651902,2463.43581,2456.69772,3757.2106
1.32765474,2670.24207,2456.69772,3754.63061
1.32879046,2893.80177,2456.69772,3752.06156
1.32992618,3070.91565,2456.69772,3749.50343
1.3310619,3157.57842,2456.69772,3746.9562
1.33219761,3197.16037,2456.69772,3744.41985
1.33333333,3263.03501,2456.69772,3741.89433
1.33446905,3372.47034,2456.69772,3739.37964
1.33560477,3464.9236,2456.69772,3736.87574
1.33674049,3448.75045,2456.69772,3734.38262
1.33787621,3286.05549,2456.69772,3731.90023
1.33901193,3024.86051,2456.69772,3729.42857
1.34014764,2737.07239,2456.69772,3726.9676
1.34128336,2456.03239,2456.69772,3724.5173
1.34241908,2188.33691,2456.69772,3722.07765
1.3435548,1962.33328,2456.69772,3719.64862
1.34469052,1865.07841,2456.69772,3717.23019
1.34582624,2027.71225,2456.69772,3714.82233
1.34696195,2439.14751,2456.69772,3712.42502
1.34809767,2877.79092,2456.69772,3710.03823
1.34923339,3176.94022,2456.69772,3707.66195
1.35036911,3305.67409,2456.69772,3705.29615
1.35150483,3292.15242,2456.69772,3702.9408
1.35264055,3161.75704,2456.69772,3700.59588
1.35377626,2934.11186,2454.00553,3698.26137
1.35491198,2660.75152,2449.73504,3695.93725
1.3560477,2447.49141,2443.31946,3693.62349
1.35718342,2391.704,2433.99113,3691.32006
1.35831914,2484.51547,2410.26938,3689.02696
1.35945486,2625.68012,2382.36829,3686.74415
1.36059057,2696.69431,2368.60384,3684.47161
1.36172629,2604.31571,2362.93432,3682.20931
1.36286201,2312.2908,2348.82635,3679.95725
1.36399773,1864.31091,2324.49362,3677.71539
1.36513345,1377.50274,2312.65944,3675.48372
1.36626917,999.032846,2288.37023,3673.2622
1.36740488,829.120081,2262.12411,3671.05082
1.3685406,871.3156,2248.9035,3668.84957
1.36967632,1073.27057,2234.50732,3666.6584
1.37081204,1340.96058,2222.71124,3664.47732
1.37194776,1563.01841,2212.35117,3662.30628
1.37308348,1661.19151,2199.31148,3660.14528
1.37421919,1622.17422,2169.87666,3657.99429
1.37535491,1495.01456,2142.95735,3655.85329
1.37649063,1365.43637,2132.07318,3653.72225
1.37762635,1340.55875,2128.77162,3651.60117
1.37876207,1475.09784,2124.79912,3649.49002
1.37989779,1649.09939,2095.82983,3647.38877
1.3810335,1758.12837,2048.83442,3645.29741
1.38216922,1821.05732,2025.49496,3643.21591
1.38330494,1861.88622,2009.00429,3641.14427
1.38444066,1821.26458,1994.66579,3639.08244
1.38557638,1547.89058,1993.13883,3637.03043
1.3867121,979.269603,1991.40393,3634.9882
1.38784781,483.278219,1982.6169,3632.95574
1.38898353,431.917112,1968.21811,3630.93303
1.39011925,687.522543,1956.42132,3628.92004
1.39125497,1093.99183,1939.21647,3626.91677
1.39239069,1274.59391,1909.86345,3624.92318
1.39352641,1183.31091,1889.439,3622.93926
1.39466212,1075.91138,1882.51315,3620.965
1.39579784,1180.93445,1873.71056,3619.00036
1.39693356,1574.10738,1867.27395,3617.04534
1.39806928,1869.46948,1864.69466,3615.09991
1.399205,1802.78666,1863.85353,3613.16406
1.40034072,1624.14867,1862.64118,3611.23777
1.40147643,1600.64531,1848.17468,3609.32101
1.40261215,1974.10294,1827.86386,3607.41378
1.40374787,2776.65054,1821.16095,3605.51605
1.40488359,3099.85201,1820.80679,3603.6278
1.40601931,2667.60684,1816.87735,3601.74902
1.40715503,2231.00619,1807.99256,3599.87968
1.40829074,2238.00845,1800.63434,3598.01978
1.40942646,2612.77198,1791.80963,3596.16929
1.41056218,3005.90899,1784.58659,3594.32819
1.4116979,2911.92086,1775.31088,3592.49647
1.41283362,2428.83476,1762.3571,3590.67412
1.41396934,2134.4983,1756.97464,3588.8611
1.41510505,2214.4163,1755.23337,3587.05741
1.41624077,2493.55656,1747.3468,3585.26303
1.41737649,2555.38369,1730.70288,3583.47794
1.41851221,2023.27768,1719.80737,3581.70213
1.41964793,1120.3448,1713.02689,3579.93557
1.42078365,502.178425,1696.0511,3578.17825
1.42191936,232.742667,1672.74833,3576.43016
1.42305508,157.161956,1660.52765,3574.69128
1.4241908,401.935644,1660.52765,3572.96159
1.42532652,945.639189,1660.52765,3571.24107
1.42646224,1194.95474,1660.52765,3569.52971
1.42759796,1238.87731,1660.52765,3567.8275
1.42873367,1221.9752,1660.52765,3566.13441
1.42986939,1265.79105,1660.52765,3564.45043
1.43100511,1527.98376,1660.52765,3562.77555
1.43214083,1991.67699,1660.52765,3561.10975
1.43327655,2313.02808,1660.52765,3559.45301
1.43441227,2361.69354,1660.52765,3557.80532
1.43554798,2259.79856,1658.5278,3556.16667
1.4366837,2127.89517,1654.26123,3554.53703
1.43781942,1991.13087,1650.21501,3552.91639
1.43895514,1813.19845,1650.21501,3551.30474
1.44009086,1631.86571,1650.21501,3549.70206
1.44122658,1657.19182,1650.21501,3548.10834
1.44236229,1891.80332,1640.48255,3546.52356
1.44349801,2210.28605,1628.00719,3544.94771
1.44463373,2485.6317,1623.16145,3543.38077
1.44576945,2551.24278,1615.43603,3541.82273
1.44690517,2335.95915,1604.67158,3540.27357
1.44804089,1994.7309,1600.20196,3538.73328
1.4491766,1754.64584,1596.73898,3537.20185
1.45031232,1684.30515,1596.73898,3535.67926
1.45144804,1718.25673,1596.73898,3534.16549
1.45258376,1766.58584,1596.73898,3532.66054
1.45371948,1784.03593,1596.73898,3531.16438
1.4548552,1798.48202,1596.73898,3529.67701
1.45599091,1877.95163,1596.73898,3528.19841
1.45712663,2069.9566,1596.73898,3526.72857
1.45826235,2364.17511,1596.73898,3525.26747
1.45939807,2705.10633,1596.73898,3523.8151
1.46053379,3031.27934,1596.73898,3522.37145
1.46166951,3298.35561,1596.73898,3520.9365
1.46280522,3479.39025,1596.73898,3519.51024
1.46394094,3550.30833,1596.73898,3518.09265
1.46507666,3477.51759,1596.73898,3516.68373
1.46621238,3244.88333,1596.73898,3515.28346
1.4673481,2913.36102,1596.73898,3513.89183
1.46848382,2613.38292,1596.73898,3512.50882
1.46961953,2451.97867,1596.73898,3511.13443
1.47075525,2457.36306,1596.73898,3509.76864
1.47189097,2525.62894,1596.73898,3508.41143
1.47302669,2373.03257,1596.73898,3507.06279
1.47416241,1863.39615,1596.73898,3505.72272
1.47529813,1373.78085,1596.73898,3504.3912
1.47643384,1189.91597,1596.73898,3503.06822
1.47756956,1189.69018,1596.73898,3501.75376
1.47870528,1261.11501,1596.73898,3500.44781
1.479841,1312.06258,1596.73898,3499.15037
1.48097672,1306.39666,1596.73898,3497.86141
1.48211244,1297.02065,1596.73898,3496.58094
1.48324815,1316.20368,1596.73898,3495.30893
1.48438387,1313.9432,1596.73898,3494.04537
1.48551959,1183.07042,1596.73898,3492.79026
1.48665531,915.769567,1596.73898,3491.54358
1.48779103,686.532977,1596.73898,3490.30532
1.48892675,613.450732,1596.73898,3489.07546
1.49006246,703.993768,1596.73898,3487.85401
1.49119818,906.273298,1583.91337,3486.64094
1.4923339,1069.01029,1568.56289,3485.43624
1.49346962,1107.2208,1555.45449,3484.23992
1.49460534,1081.79207,1542.74098,3483.05194
1.49574106,1065.98365,1532.78758,3481.87231
1.49687677,1090.46296,1527.02667,3480.701
1.49801249,1147.74628,1527.02667,3479.53802
1.49914821,1217.29446,1527.02667,3478.38336
1.50028393,1305.3342,1526.06959,3477.23699
1.50141965,1415.34726,1510.93904,3476.09891
1.50255537,1495.8085,1495.8085,3474.96911
1.50369108,1438.87517,1495.41153,3473.84758
1.5048268,1213.07228,1495.01456,3472.73431
1.50596252,967.276231,1493.04138,3471.62928
1.50709824,831.661454,1491.0682,3470.5325
1.50823396,792.655386,1483.08302,3469.44395
1.50936968,787.219595,1475.09784,3468.36361
1.51050539,761.852479,1471.56525,3467.29148
1.51164111,706.474513,1468.03266,3466.22756
1.51277683,651.226901,1460.11484,3465.17182
1.51391255,631.646941,1452.19701,3464.12427
1.51504827,659.314937,1445.53609,3463.08488
1.51618399,696.4211,1438.87517,3462.05366
1.5173197,700.305067,1432.91843,3461.03059
1.51845542,669.172992,1426.9617,3460.01567
1.51959114,617.391252,1421.15448,3459.00887
1.52072686,580.871223,1415.34726,3458.01021
1.52186258,691.702994,1404.62694,3457.01966
1.5229983,1031.23002,1393.90662,3456.03721
1.52413401,1359.22554,1386.73473,3455.06287
1.52526973,1593.71936,1379.56284,3454.09661
1.52640545,1740.04775,1378.53279,3453.13843
1.52754117,1785.13725,1377.50274,3452.18833
1.52867689,1721.35801,1375.64179,3451.24629
1.52981261,1599.7586,1373.78085,3450.31231
1.53094832,1537.59139,1369.60861,3449.38637
1.53208404,1608.69784,1365.43637,3448.46847
1.53321976,1755.82091,1369.60861,3447.5586
1.53435548,1887.07467,1373.78085,3446.65676
1.5354912,1950.50937,1376.67184,3445.76293
1.53662692,1927.92358,1379.56284,3444.8771
1.53776263,1820.55625,1386.73473,3443.99927
1.53889835,1651.33063,1379.56284,3443.12943
1.54003407,1468.03266,1376.67184,3442.26758
1.54116979,1322.83628,1373.78085,3441.4137
1.54230551,1240.57682,1369.60861,3440.56779
1.54344123,1213.48534,1373.78085,3439.72983
1.54457694,1220.40574,1376.67184,3438.89983
1.54571266,1243.57098,1373.78085,3438.07777
1.54684838,1272.51116,1366.50319,3437.26365
1.5479841,1298.44264,1359.22554,3436.45746
1.54911982,1309.1924,1357.91632,3435.6592
1.55025554,1291.81608,1356.60711,3434.86885
1.55139125,1238.39106,1342.29184,3434.08641
1.55252697,1147.67077,1327.97657,3433.31186
1.55366269,1025.12841,1342.29184,3432.54522
1.55479841,886.811632,1356.60711,3431.78646
1.55593413,759.523439,1357.91632,3431.03559
1.55706985,665.598745,1359.22554,3430.29258
1.55820557,607.686859,1366.50319,3429.55745
1.55934128,574.021365,1373.78085,3428.83018
1.560477,551.49829,1376.67184,3428.11076
1.56161272,532.272081,1379.56284,3427.39919
1.56274844,512.972666,1386.73473,3426.69546
1.56388416,489.046655,1379.56284,3425.99957
1.56501988,449.57431,1376.67184,3425.31151
1.56615559,379.126706,1373.78085,3424.63127
1.56729131,268.435243,1366.50319,3423.95885
1.56842703,129.480584,1359.22554,3423.29425
1.56956275,39.3600753,1357.91632,3422.63744
1.57069847,29.2260431,1356.60711,3421.98844
1.57183419,40.8449624,1342.29184,3421.34723
1.5729699,244.25072,1327.97657,3420.71381
1.57410562,544.875039,1325.40643,3420.08818
1.57524134,792.2962,1322.83628,3419.47032
1.57637706,951.456568,1319.51998,3418.86023
1.57751278,1021.72892,1316.20368,3418.25791
1.5786485,1021.93329,1315.07344,3417.66335
1.57978421,985.569359,1313.9432,3417.07654
1.58091993,945.63901,1313.00289,3416.49749
1.58205565,920.290882,1312.06258,3415.92618
1.58319137,912.476763,1310.62749,3415.36261
1.58432709,920.926542,1309.1924,3414.80678
1.58546281,949.853618,1307.79453,3414.25868
1.58659852,1009.97199,1309.1924,3413.7183
1.58773424,1112.28672,1310.62749,3413.18564
1.58886996,1260.92074,1312.06258,3412.6607
1.59000568,1452.19701,1313.00289,3412.14348
1.5911414,1674.23408,1313.9432,3411.63396
1.59227712,1896.34699,1315.07344,3411.13214
1.59341283,2065.8938,1316.20368,3410.63802
1.59454855,2140.42296,1319.51998,3410.15159
1.59568427,2129.56447,1322.83628,3409.67285
1.59681999,2085.86057,1325.40643,3409.2018
1.59795571,2048.41428,1322.83628,3408.73843
1.59909143,2003.06136,1319.51998,3408.28274
1.60022714,1903.59859,1316.20368,3407.83472
1.60136286,1734.39154,1315.07344,3407.39437
1.60249858,1526.06959,1313.9432,3406.96168
1.6036343,1304.41476,1313.00289,3406.53665
1.60477002,1055.02363,1312.06258,3406.11929
1.60590574,755.828833,1310.62749,3405.70957
1.60704145,531.618906,1309.1924,3405.30751
1.60817717,526.670734,1307.79453,3404.91309
1.60931289,609.679531,1306.39666,3404.52632
1.61044861,693.872725,1305.86543,3404.14718
1.61158433,767.940774,1305.3342,3403.77568
1.61272005,845.888378,1304.87448,3403.41182
1.61385576,958.16549,1304.41476,3403.05559
1.61499148,1135.43957,1301.59873,3402.70698
1.6161272,1379.56284,1298.78269,3402.36599
1.61726292,1661.37859,1298.61267,3402.03263
1.61839864,1931.9049,1298.44264,3401.70689
1.61953436,2134.04246,1297.73165,3401.38876
1.62067007,2227.03905,1297.02065,3401.07824
1.62180579,2211.08122,1294.41837,3400.77533
1.62294151,2133.76851,1291.81608,3400.48003
1.62407723,2079.42299,1282.16362,3400.19233
1.62521295,2149.06512,1272.51116,3399.91224
1.62634867,2414.38422,1266.81308,3399.63974
1.62748438,2838.51702,1261.11501,3399.37484
1.6286201,3288.96941,1261.01787,3399.11754
1.62975582,3665.88408,1260.92074,3398.86782
1.63089154,3955.81779,1252.24586,3398.6257
1.63202726,4172.54072,1243.57098,3398.39117
1.63316298,4283.88897,1242.0739,3398.16422
1.63429869,4216.34075,1240.57682,3397.94485
1.63543441,3955.13851,1239.82562,3397.73307
1.63657013,3627.85543,1239.07442,3397.52887
1.63770585,3428.4643,1238.73274,3397.33224
1.63884157,3437.62821,1238.39106,3397.14319
1.63997729,3542.87957,1229.3984,3396.96172
1.641113,3535.22378,1220.40574,3396.78782
1.64224872,3295.71478,1218.8501,3396.62149
1.64338444,2880.71588,1220.40574,3396.46274
1.64452016,2415.67569,1229.3984,3396.31155
1.64565588,1958.65955,1220.40574,3396.16793
1.6467916,1491.0682,1218.8501,3396.03187
1.64792731,1040.37148,1217.29446,3395.90338
1.64906303,861.54804,1215.3899,3395.78246
1.65019875,986.977395,1213.48534,3395.66909
1.65133447,1177.36792,1213.27881,3395.56329
1.65247019,1327.97657,1213.48534,3395.46505
1.65360591,1393.90662,1215.3899,3395.37438
1.65474162,1356.60711,1217.29446,3395.29126
1.65587734,1239.07442,1218.8501,3395.21569
1.65701306,1103.40874,1220.40574,3395.14769
1.65814878,1016.03631,1229.3984,3395.08725
1.6592845,1007.83221,1238.39106,3395.03436
1.66042022,1068.86077,1238.73274,3394.98902
1.66155593,1173.32066,1239.07442,3394.95125
1.66269165,1298.78269,1239.82562,3394.92103
1.66382737,1426.9617,1240.57682,3394.89836
1.66496309,1536.21166,1242.0739,3394.88325
1.66609881,1600.53969,1243.57098,3394.8757
