-176,1515.03392
-175.9,1514.71175
-175.8,1514.39038
-175.7,1514.06981
-175.6,1513.75005
-175.5,1513.4311
-175.4,1513.11296
-175.3,1512.79564
-175.2,1512.47913
-175.1,1512.16346
-175,1511.84861
-174.9,1511.53459
-174.8,1511.22141
-174.7,1510.90907
-174.6,1510.59757
-174.5,1510.28692
-174.4,1509.97712
-174.3,1509.66817
-174.2,1509.36009
-174.1,1509.05286
-174,1508.7465
-173.9,1508.44102
-173.8,1508.1364
-173.7,1507.83266
-173.6,1507.5298
-173.5,1507.22783
-173.4,1506.92674
-173.3,1506.62654
-173.2,1506.32724
-173.1,1506.02883
-173,1505.73132
-172.9,1505.43471
-172.8,1505.13902
-172.7,1504.84423
-172.6,1504.55035
-172.5,1504.25738
-172.4,1503.96534
-172.3,1503.67421
-172.2,1503.38401
-172.1,1503.09473
-172,1502.80638
-171.9,1502.51896
-171.8,1502.23247
-171.7,1501.94691
-171.6,1501.66229
-171.5,1501.37861
-171.4,1501.09586
-171.3,1500.81406
-171.2,1500.53319
-171.1,1500.25327
-171,1499.97428
-170.9,1499.69625
-170.8,1499.41915
-170.7,1499.143
-170.6,1498.8678
-170.5,1498.59354
-170.4,1498.32023
-170.3,1498.04787
-170.2,1497.77645
-170.1,1497.50599
-170,1497.23647
-169.9,1496.96791
-169.8,1496.70029
-169.7,1496.43363
-169.6,1496.16792
-169.5,1495.90316
-169.4,1495.63936
-169.3,1495.37651
-169.2,1495.11461
-169.1,1494.85367
-169,1494.59368
-168.9,1494.33464
-168.8,1494.07656
-168.7,1493.81944
-168.6,1493.56326
-168.5,1493.30804
-168.4,1493.05378
-168.3,1492.80046
-168.2,1492.54809
-168.1,1492.29667
-168,1492.0462
-167.9,1491.79668
-167.8,1491.54811
-167.7,1491.30048
-167.6,1491.05379
-167.5,1490.80805
-167.4,1490.56326
-167.3,1490.31941
-167.2,1490.0765
-167.1,1489.83453
-167,1489.5935
-166.9,1489.35342
-166.8,1489.11427
-166.7,1488.87606
-166.6,1488.63879
-166.5,1488.40246
-166.4,1488.16707
-166.3,1487.9326
-166.2,1487.69908
-166.1,1487.46649
-166,1487.23483
-165.9,1487.00411
-165.8,1486.77432
-165.7,1486.54547
-165.6,1486.31756
-165.5,1486.09058
-165.4,1485.86453
-165.3,1485.63943
-165.2,1485.41526
-165.1,1485.19202
-165,1484.96973
-164.9,1484.74838
-164.8,1484.52797
-164.7,1484.30849
-164.6,1484.08997
-164.5,1483.87238
-164.4,1483.65574
-164.3,1483.44004
-164.2,1483.22529
-164.1,1483.01149
-164,1482.79863
-163.9,1482.58673
-163.8,1482.37577
-163.7,1482.16577
-163.6,1481.95672
-163.5,1481.74862
-163.4,1481.54148
-163.3,1481.33529
-163.2,1481.13006
-163.1,1480.92579
-163,1480.72246
-162.9,1480.52009
-162.8,1480.31868
-162.7,1480.11822
-162.6,1479.91871
-162.5,1479.72015
-162.4,1479.52254
-162.3,1479.32588
-162.2,1479.13017
-162.1,1478.9354
-162,1478.74158
-161.9,1478.54871
-161.8,1478.35677
-161.7,1478.16578
-161.6,1477.97572
-161.5,1477.78659
-161.4,1477.59841
-161.3,1477.41115
-161.2,1477.22481
-161.1,1477.03941
-161,1476.85492
-160.9,1476.67136
-160.8,1476.4887
-160.7,1476.30696
-160.6,1476.12613
-160.5,1475.9462
-160.4,1475.76717
-160.3,1475.58903
-160.2,1475.41178
-160.1,1475.23542
-160,1475.05993
-159.9,1474.88532
-159.8,1474.71158
-159.7,1474.5387
-159.6,1474.36667
-159.5,1474.1955
-159.4,1474.02517
-159.3,1473.85567
-159.2,1473.68701
-159.1,1473.51917
-159,1473.35214
-158.9,1473.18592
-158.8,1473.02051
-158.7,1472.85588
-158.6,1472.69204
-158.5,1472.52897
-158.4,1472.36667
-158.3,1472.20513
-158.2,1472.04433
-158.1,1471.88427
-158,1471.72493
-157.9,1471.56632
-157.8,1471.40841
-157.7,1471.2512
-157.6,1471.09467
-157.5,1470.93883
-157.4,1470.78365
-157.3,1470.62912
-157.2,1470.47524
-157.1,1470.32199
-157,1470.16936
-156.9,1470.01734
-156.8,1469.86592
-156.7,1469.71509
-156.6,1469.56483
-156.5,1469.41513
-156.4,1469.26598
-156.3,1469.11737
-156.2,1468.96928
-156.1,1468.82171
-156,1468.67464
-155.9,1468.52806
-155.8,1468.38195
-155.7,1468.23631
-155.6,1468.09113
-155.5,1467.94639
-155.4,1467.80207
-155.3,1467.65818
-155.2,1467.51469
-155.1,1467.37159
-155,1467.22888
-154.9,1467.08654
-154.8,1466.94456
-154.7,1466.80292
-154.6,1466.66162
-154.5,1466.52064
-154.4,1466.37997
-154.3,1466.2396
-154.2,1466.09953
-154.1,1465.95972
-154,1465.82018
-153.9,1465.6809
-153.8,1465.54186
-153.7,1465.40305
-153.6,1465.26446
-153.5,1465.12608
-153.4,1464.9879
-153.3,1464.84991
-153.2,1464.71209
-153.1,1464.57444
-153,1464.43695
-152.9,1464.2996
-152.8,1464.16238
-152.7,1464.02529
-152.6,1463.88831
-152.5,1463.75144
-152.4,1463.61466
-152.3,1463.47796
-152.2,1463.34134
-152.1,1463.20477
-152,1463.06826
-151.9,1462.9318
-151.8,1462.79536
-151.7,1462.65895
-151.6,1462.52255
-151.5,1462.38615
-151.4,1462.24974
-151.3,1462.11331
-151.2,1461.97686
-151.1,1461.84036
-151,1461.70382
-150.9,1461.56722
-150.8,1461.43054
-150.7,1461.29379
-150.6,1461.15695
-150.5,1461.02001
-150.4,1460.88296
-150.3,1460.74579
-150.2,1460.60849
-150.1,1460.47106
-150,1460.33347
-149.9,1460.19573
-149.8,1460.05782
-149.7,1459.91974
-149.6,1459.78146
-149.5,1459.64299
-149.4,1459.5043
-149.3,1459.36539
-149.2,1459.22625
-149.1,1459.08687
-149,1458.94723
-148.9,1458.80733
-148.8,1458.66715
-148.7,1458.52668
-148.6,1458.3859
-148.5,1458.24481
-148.4,1458.1034
-148.3,1457.96165
-148.2,1457.81955
-148.1,1457.67708
-148,1457.53424
-147.9,1457.39101
-147.8,1457.24738
-147.7,1457.10334
-147.6,1456.95888
-147.5,1456.81397
-147.4,1456.66862
-147.3,1456.5228
-147.2,1456.37651
-147.1,1456.22973
-147,1456.08244
-146.9,1455.93465
-146.8,1455.78633
-146.7,1455.63748
-146.6,1455.48807
-146.5,1455.3381
-146.4,1455.18756
-146.3,1455.03643
-146.2,1454.88471
-146.1,1454.73237
-146,1454.57941
-145.9,1454.42581
-145.8,1454.27157
-145.7,1454.11667
-145.6,1453.9611
-145.5,1453.80485
-145.4,1453.64791
-145.3,1453.49026
-145.2,1453.3319
-145.1,1453.17282
-145,1453.013
-144.9,1452.85243
-144.8,1452.69111
-144.7,1452.52901
-144.6,1452.36615
-144.5,1452.2025
-144.4,1452.03805
-144.3,1451.8728
-144.2,1451.70673
-144.1,1451.53985
-144,1451.37213
-143.9,1451.20358
-143.8,1451.03418
-143.7,1450.86394
-143.6,1450.69284
-143.5,1450.52087
-143.4,1450.34804
-143.3,1450.17434
-143.2,1449.99976
-143.1,1449.82429
-143,1449.64795
-142.9,1449.47072
-142.8,1449.2926
-142.7,1449.11359
-142.6,1448.9337
-142.5,1448.75292
-142.4,1448.57125
-142.3,1448.38869
-142.2,1448.20526
-142.1,1448.02094
-142,1447.83576
-141.9,1447.64971
-141.8,1447.46281
-141.7,1447.27506
-141.6,1447.08647
-141.5,1446.89706
-141.4,1446.70683
-141.3,1446.51581
-141.2,1446.32401
-141.1,1446.13144
-141,1445.93814
-140.9,1445.74413
-140.8,1445.54942
-140.7,1445.35405
-140.6,1445.15805
-140.5,1444.96146
-140.4,1444.7643
-140.3,1444.56663
-140.2,1444.36848
-140.1,1444.16991
-140,1443.97096
-139.9,1443.7717
-139.8,1443.57217
-139.7,1443.37245
-139.6,1443.17261
-139.5,1442.97271
-139.4,1442.77284
-139.3,1442.57308
-139.2,1442.37352
-139.1,1442.17426
-139,1441.9754
-138.9,1441.77704
-138.8,1441.57931
-138.7,1441.38233
-138.6,1441.18623
-138.5,1440.99113
-138.4,1440.7972
-138.3,1440.60457
-138.2,1440.41342
-138.1,1440.22391
-138,1440.03622
-137.9,1439.85053
-137.8,1439.66704
-137.7,1439.48595
-137.6,1439.30747
-137.5,1439.13182
-137.4,1438.95922
-137.3,1438.7899
-137.2,1438.62411
-137.1,1438.46208
-137,1438.30407
-136.9,1438.15033
-136.8,1438.00112
-136.7,1437.85668
-136.6,1437.71729
-136.5,1437.58319
-136.4,1437.45464
-136.3,1437.33188
-136.2,1437.21515
-136.1,1437.10467
-136,1437.00066
-135.9,1437.04091
-135.8,1437.0837
-135.7,1437.12908
-135.6,1437.17708
-135.5,1437.22777
-135.4,1437.28118
-135.3,1437.33738
-135.2,1437.39642
-135.1,1437.45834
-135,1437.52322
-134.9,1437.5911
-134.8,1437.66205
-134.7,1437.73612
-134.6,1437.81337
-134.5,1437.89386
-134.4,1437.97764
-134.3,1438.06476
-134.2,1438.15527
-134.1,1438.24922
-134,1438.34664
-133.9,1438.44758
-133.8,1438.55208
-133.7,1438.66018
-133.6,1438.77193
-133.5,1438.88735
-133.4,1439.00649
-133.3,1439.12938
-133.2,1439.25605
-133.1,1439.38655
-133,1439.52089
-132.9,1439.65911
-132.8,1439.80122
-132.7,1439.94725
-132.6,1440.09721
-132.5,1440.25113
-132.4,1440.40902
-132.3,1440.57089
-132.2,1440.73678
-132.1,1440.90669
-132,1441.08066
-131.9,1441.2587
-131.8,1441.44084
-131.7,1441.6271
-131.6,1441.81749
-131.5,1442.01204
-131.4,1442.21078
-131.3,1442.41373
-131.2,1442.62091
-131.1,1442.83234
-131,1443.04806
-130.9,1443.26807
-130.8,1443.49241
-130.7,1443.72109
-130.6,1443.95413
-130.5,1444.19155
-130.4,1444.43337
-130.3,1444.67959
-130.2,1444.93023
-130.1,1445.18529
-130,1445.44478
-129.9,1445.7087
-129.8,1445.97703
-129.7,1446.24979
-129.6,1446.52694
-129.5,1446.80849
-129.4,1447.09442
-129.3,1447.38472
-129.2,1447.67936
-129.1,1447.97835
-129,1448.28165
-128.9,1448.58927
-128.8,1448.90118
-128.7,1449.21739
-128.6,1449.53787
-128.5,1449.86262
-128.4,1450.19163
-128.3,1450.52489
-128.2,1450.86238
-128.1,1451.20408
-128,1451.54998
-127.9,1451.90005
-127.8,1452.25428
-127.7,1452.61263
-127.6,1452.97509
-127.5,1453.34161
-127.4,1453.71217
-127.3,1454.08673
-127.2,1454.46527
-127.1,1454.84773
-127,1455.23409
-126.9,1455.62431
-126.8,1456.01834
-126.7,1456.41616
-126.6,1456.8177
-126.5,1457.22294
-126.4,1457.63182
-126.3,1458.04429
-126.2,1458.4603
-126.1,1458.87978
-126,1459.30268
-125.9,1459.72891
-125.8,1460.15842
-125.7,1460.59113
-125.6,1461.02695
-125.5,1461.4658
-125.4,1461.9076
-125.3,1462.35225
-125.2,1462.79968
-125.1,1463.24977
-125,1463.70244
-124.9,1464.15759
-124.8,1464.61512
-124.7,1465.07492
-124.6,1465.53689
-124.5,1466.00093
-124.4,1466.46693
-124.3,1466.93478
-124.2,1467.40436
-124.1,1467.87557
-124,1468.34827
-123.9,1468.82235
-123.8,1469.29769
-123.7,1469.77417
-123.6,1470.25166
-123.5,1470.73003
-123.4,1471.20917
-123.3,1471.68893
-123.2,1472.16919
-123.1,1472.64981
-123,1473.13066
-122.9,1473.61161
-122.8,1474.09251
-122.7,1474.57324
-122.6,1475.05365
-122.5,1475.53362
-122.4,1476.01298
-122.3,1476.49162
-122.2,1476.96937
-122.1,1477.44611
-122,1477.92168
-121.9,1478.39593
-121.8,1478.86874
-121.7,1479.33994
-121.6,1479.80942
-121.5,1480.27701
-121.4,1480.74258
-121.3,1481.20599
-121.2,1481.66709
-121.1,1482.12575
-121,1482.58183
-120.9,1483.03518
-120.8,1483.48566
-120.7,1483.93314
-120.6,1484.37748
-120.5,1484.81854
-120.4,1485.25618
-120.3,1485.69027
-120.2,1486.12068
-120.1,1486.54726
-120,1486.96989
-119.9,1487.38843
-119.8,1487.80274
-119.7,1488.2127
-119.6,1488.61816
-119.5,1489.019
-119.4,1489.4151
-119.3,1489.80631
-119.2,1490.19251
-119.1,1490.57359
-119,1490.94943
-118.9,1491.3199
-118.8,1491.68491
-118.7,1492.04435
-118.6,1492.39811
-118.5,1492.7461
-118.4,1493.08823
-118.3,1493.42441
-118.2,1493.75455
-118.1,1494.07857
-118,1494.39639
-117.9,1494.70793
-117.8,1495.01311
-117.7,1495.31186
-117.6,1495.60412
-117.5,1495.88982
-117.4,1496.16891
-117.3,1496.44132
-117.2,1496.707
-117.1,1496.96592
-117,1497.21803
-116.9,1497.46331
-116.8,1497.70173
-116.7,1497.93328
-116.6,1498.15796
-116.5,1498.37575
-116.4,1498.58665
-116.3,1498.79067
-116.2,1498.9878
-116.1,1499.17805
-116,1499.36143
-115.9,1499.53793
-115.8,1499.70757
-115.7,1499.87036
-115.6,1500.02631
-115.5,1500.17542
-115.4,1500.3177
-115.3,1500.45317
-115.2,1500.58184
-115.1,1500.70371
-115,1500.81879
-114.9,1500.92709
-114.8,1501.02861
-114.7,1501.12336
-114.6,1501.21135
-114.5,1501.29258
-114.4,1501.36705
-114.3,1501.43476
-114.2,1501.49571
-114.1,1501.54992
-114,1501.59738
-113.9,1501.6381
-113.8,1501.67208
-113.7,1501.69935
-113.6,1501.71989
-113.5,1501.73373
-113.4,1501.74088
-113.3,1501.74133
-113.2,1501.73511
-113.1,1501.72221
-113,1501.70264
-112.9,1501.67641
-112.8,1501.64352
-112.7,1501.60396
-112.6,1501.55773
-112.5,1501.50482
-112.4,1501.44521
-112.3,1501.37891
-112.2,1501.3059
-112.1,1501.22616
-112,1501.13968
-111.9,1501.04644
-111.8,1500.94644
-111.7,1500.83964
-111.6,1500.72605
-111.5,1500.60562
-111.4,1500.47836
-111.3,1500.34424
-111.2,1500.20324
-111.1,1500.05535
-111,1499.90053
-110.9,1499.73878
-110.8,1499.57007
-110.7,1499.39438
-110.6,1499.21169
-110.5,1499.02199
-110.4,1498.82525
-110.3,1498.62147
-110.2,1498.41063
-110.1,1498.19271
-110,1497.96771
-109.9,1497.73563
-109.8,1497.49646
-109.7,1497.2502
-109.6,1496.99687
-109.5,1496.73645
-109.4,1496.46898
-109.3,1496.19444
-109.2,1495.91287
-109.1,1495.62428
-109,1495.32867
-108.9,1495.02608
-108.8,1494.71652
-108.7,1494.40003
-108.6,1494.07662
-108.5,1493.74633
-108.4,1493.4092
-108.3,1493.06525
-108.2,1492.71453
-108.1,1492.35706
-108,1491.9929
-107.9,1491.62207
-107.8,1491.24462
-107.7,1490.8606
-107.6,1490.47004
-107.5,1490.073
-107.4,1489.6695
-107.3,1489.2596
-107.2,1488.84332
-107.1,1488.42071
-107,1487.99179
-106.9,1487.55662
-106.8,1487.11522
-106.7,1486.66763
-106.6,1486.21388
-106.5,1485.75403
-106.4,1485.2881
-106.3,1484.81613
-106.2,1484.33816
-106.1,1483.85424
-106,1483.36439
-105.9,1482.86867
-105.8,1482.36711
-105.7,1481.85976
-105.6,1481.34665
-105.5,1480.82783
-105.4,1480.30335
-105.3,1479.77325
-105.2,1479.23756
-105.1,1478.69634
-105,1478.14963
-104.9,1477.59747
-104.8,1477.03991
-104.7,1476.477
-104.6,1475.90878
-104.5,1475.3353
-104.4,1474.75661
-104.3,1474.17276
-104.2,1473.5838
-104.1,1472.98978
-104,1472.39074
-103.9,1471.78674
-103.8,1471.17783
-103.7,1470.56407
-103.6,1469.9455
-103.5,1469.32218
-103.4,1468.69417
-103.3,1468.06151
-103.2,1467.42427
-103.1,1466.78248
-103,1466.1362
-102.9,1465.4855
-102.8,1464.83042
-102.7,1464.17103
-102.6,1463.50738
-102.5,1462.83955
-102.4,1462.16758
-102.3,1461.49154
-102.2,1460.81149
-102.1,1460.12747
-102,1459.43954
-101.9,1458.74777
-101.8,1458.0522
-101.7,1457.35288
-101.6,1456.64989
-101.5,1455.94326
-101.4,1455.23306
-101.3,1454.51935
-101.2,1453.80218
-101.1,1453.08162
-101,1452.35773
-100.9,1451.63056
-100.8,1450.90018
-100.7,1450.16665
-100.6,1449.43002
-100.5,1448.69035
-100.4,1447.9477
-100.3,1447.20213
-100.2,1446.4537
-100.1,1445.70246
-100,1444.94847
-99.9,1444.1918
-99.8,1443.4325
-99.7,1442.67063
-99.6,1441.90624
-99.5,1441.1394
-99.4,1440.37017
-99.3,1439.59859
-99.2,1438.82473
-99.1,1438.04865
-99,1437.2704
-98.9,1436.49005
-98.8,1435.70765
-98.7,1434.92328
-98.6,1434.13698
-98.5,1433.34883
-98.4,1432.55889
-98.3,1431.76722
-98.2,1430.97386
-98.1,1430.17889
-98,1429.38235
-97.9,1428.58431
-97.8,1427.78482
-97.7,1426.98397
-97.6,1426.18181
-97.5,1425.37842
-97.4,1424.57387
-97.3,1423.76826
-97.2,1422.96166
-97.1,1422.15416
-97,1421.34586
-96.9,1420.53684
-96.8,1419.7272
-96.7,1418.91703
-96.6,1418.10643
-96.5,1417.29548
-96.4,1416.48429
-96.3,1415.67296
-96.2,1414.8616
-96.1,1414.0503
-96,1413.23918
-95.9,1412.42834
-95.8,1411.61789
-95.7,1410.80795
-95.6,1409.99861
-95.5,1409.19
-95.4,1408.38222
-95.3,1407.57536
-95.2,1406.76954
-95.1,1405.96485
-95,1405.16138
-94.9,1404.35922
-94.8,1403.55847
-94.7,1402.75919
-94.6,1401.96148
-94.5,1401.16541
-94.4,1400.37105
-94.3,1399.57848
-94.2,1398.78776
-94.1,1397.99896
-94,1397.21213
-93.9,1396.42734
-93.8,1395.64463
-93.7,1394.86407
-93.6,1394.08571
-93.5,1393.30959
-93.4,1392.53578
-93.3,1391.76433
-93.2,1390.99527
-93.1,1390.22866
-93,1389.46453
-92.9,1388.70294
-92.8,1387.94392
-92.7,1387.18751
-92.6,1386.43374
-92.5,1385.68265
-92.4,1384.93426
-92.3,1384.1886
-92.2,1383.44569
-92.1,1382.70553
-92,1381.96814
-91.9,1381.23352
-91.8,1380.50166
-91.7,1379.77258
-91.6,1379.04626
-91.5,1378.3227
-91.4,1377.60189
-91.3,1376.88383
-91.2,1376.16852
-91.1,1375.45594
-91,1374.74609
-90.9,1374.03896
-90.8,1373.33455
-90.7,1372.63285
-90.6,1371.93384
-90.5,1371.23751
-90.4,1370.54386
-90.3,1369.85286
-90.2,1369.16452
-90.1,1368.47881
-90,1367.79571
-89.9,1367.11523
-89.8,1366.43734
-89.7,1365.76203
-89.6,1365.08929
-89.5,1364.4191
-89.4,1363.75146
-89.3,1363.08634
-89.2,1362.42375
-89.1,1361.76366
-89,1361.10605
-88.9,1360.45091
-88.8,1359.7982
-88.7,1359.14791
-88.6,1358.49999
-88.5,1357.85442
-88.4,1357.21115
-88.3,1356.57016
-88.2,1355.93139
-88.1,1355.2948
-88,1354.66036
-87.9,1354.02802
-87.8,1353.39775
-87.7,1352.7695
-87.6,1352.14324
-87.5,1351.51893
-87.4,1350.89654
-87.3,1350.27602
-87.2,1349.65734
-87.1,1349.04045
-87,1348.42531
-86.9,1347.81189
-86.8,1347.20013
-86.7,1346.59
-86.6,1345.98144
-86.5,1345.37442
-86.4,1344.76888
-86.3,1344.16479
-86.2,1343.5621
-86.1,1342.96076
-86,1342.36075
-85.9,1341.76202
-85.8,1341.16452
-85.7,1340.56823
-85.6,1339.9731
-85.5,1339.37908
-85.4,1338.78613
-85.3,1338.19419
-85.2,1337.60323
-85.1,1337.01318
-85,1336.42399
-84.9,1335.83559
-84.8,1335.24794
-84.7,1334.66095
-84.6,1334.07458
-84.5,1333.48874
-84.4,1332.90338
-84.3,1332.31842
-84.2,1331.7338
-84.1,1331.14945
-84,1330.56529
-83.9,1329.98124
-83.8,1329.39724
-83.7,1328.8132
-83.6,1328.22904
-83.5,1327.6447
-83.4,1327.06012
-83.3,1326.47523
-83.2,1325.88998
-83.1,1325.30435
-83,1324.71829
-82.9,1324.13177
-82.8,1323.54477
-82.7,1322.95727
-82.6,1322.36926
-82.5,1321.78071
-82.4,1321.19161
-82.3,1320.60196
-82.2,1320.01175
-82.1,1319.42097
-82,1318.82961
-81.9,1318.23766
-81.8,1317.64512
-81.7,1317.05197
-81.6,1316.4582
-81.5,1315.8638
-81.4,1315.26875
-81.3,1314.67306
-81.2,1314.0767
-81.1,1313.47966
-81,1312.88193
-80.9,1312.2835
-80.8,1311.68436
-80.7,1311.08449
-80.6,1310.48389
-80.5,1309.88255
-80.4,1309.28046
-80.3,1308.67761
-80.2,1308.07399
-80.1,1307.46961
-80,1306.86444
-79.9,1306.25849
-79.8,1305.65175
-79.7,1305.04421
-79.6,1304.43586
-79.5,1303.8267
-79.4,1303.21672
-79.3,1302.60589
-79.2,1301.99421
-79.1,1301.38165
-79,1300.7682
-78.9,1300.15383
-78.8,1299.53851
-78.7,1298.92223
-78.6,1298.30496
-78.5,1297.68667
-78.4,1297.06733
-78.3,1296.44692
-78.2,1295.8254
-78.1,1295.20276
-78,1294.57896
-77.9,1293.95398
-77.8,1293.3278
-77.7,1292.70041
-77.6,1292.07177
-77.5,1291.44189
-77.4,1290.81073
-77.3,1290.1783
-77.2,1289.54459
-77.1,1288.90959
-77,1288.27331
-76.9,1287.63575
-76.8,1286.99692
-76.7,1286.35682
-76.6,1285.71544
-76.5,1285.0728
-76.4,1284.42888
-76.3,1283.78369
-76.2,1283.13721
-76.1,1282.48944
-76,1281.84037
-75.9,1281.18999
-75.8,1280.5383
-75.7,1279.88529
-75.6,1279.23096
-75.5,1278.57531
-75.4,1277.91835
-75.3,1277.26008
-75.2,1276.60052
-75.1,1275.93968
-75,1275.27758
-74.9,1274.61424
-74.8,1273.94968
-74.7,1273.28394
-74.6,1272.61703
-74.5,1271.949
-74.4,1271.27988
-74.3,1270.6097
-74.2,1269.9385
-74.1,1269.26632
-74,1268.5932
-73.9,1267.91919
-73.8,1267.24433
-73.7,1266.56867
-73.6,1265.89225
-73.5,1265.21514
-73.4,1264.53738
-73.3,1263.85902
-73.2,1263.18012
-73.1,1262.50073
-73,1261.82088
-72.9,1261.14064
-72.8,1260.46006
-72.7,1259.77917
-72.6,1259.09804
-72.5,1258.41672
-72.4,1257.73527
-72.3,1257.05375
-72.2,1256.37223
-72.1,1255.69077
-72,1255.00943
-71.9,1254.32827
-71.8,1253.64735
-71.7,1252.96675
-71.6,1252.28652
-71.5,1251.60673
-71.4,1250.92745
-71.3,1250.24873
-71.2,1249.57065
-71.1,1248.89328
-71,1248.21668
-70.9,1247.54093
-70.8,1246.86611
-70.7,1246.19229
-70.6,1245.51954
-70.5,1244.84796
-70.4,1244.1776
-70.3,1243.50855
-70.2,1242.84089
-70.1,1242.17468
-70,1241.51
-69.9,1240.84691
-69.8,1240.18548
-69.7,1239.52578
-69.6,1238.86788
-69.5,1238.21185
-69.4,1237.55776
-69.3,1236.90569
-69.2,1236.25572
-69.1,1235.60792
-69,1234.9624
-68.9,1234.31922
-68.8,1233.67848
-68.7,1233.04027
-68.6,1232.40465
-68.5,1231.77173
-68.4,1231.14157
-68.3,1230.51427
-68.2,1229.88991
-68.1,1229.26857
-68,1228.65035
-67.9,1228.03533
-67.8,1227.42361
-67.7,1226.81529
-67.6,1226.21047
-67.5,1225.60924
-67.4,1225.0117
-67.3,1224.41797
-67.2,1223.82814
-67.1,1223.24232
-67,1222.66062
-66.9,1222.08314
-66.8,1221.51
-66.7,1220.94129
-66.6,1220.37712
-66.5,1219.81759
-66.4,1219.2628
-66.3,1218.71285
-66.2,1218.16783
-66.1,1217.62783
-66,1217.09293
-65.9,1216.56324
-65.8,1216.03882
-65.7,1215.51976
-65.6,1215.00614
-65.5,1214.49804
-65.4,1213.99553
-65.3,1213.4987
-65.2,1213.00761
-65.1,1212.52234
-65,1212.04296
-64.9,1211.56955
-64.8,1211.10217
-64.7,1210.64091
-64.6,1210.18584
-64.5,1209.73703
-64.4,1209.29455
-64.3,1208.85849
-64.2,1208.42891
-64.1,1208.0059
-64,1207.58953
-63.9,1207.17988
-63.8,1206.77703
-63.7,1206.38104
-63.6,1205.99201
-63.5,1205.61001
-63.4,1205.23512
-63.3,1204.86742
-63.2,1204.50701
-63.1,1204.15397
-63,1203.8084
-62.9,1203.47037
-62.8,1203.13997
-62.7,1202.81729
-62.6,1202.50242
-62.5,1202.19542
-62.4,1201.8964
-62.3,1201.60543
-62.2,1201.32259
-62.1,1201.04798
-62,1200.78166
-61.9,1200.52373
-61.8,1200.27425
-61.7,1200.03329
-61.6,1199.80092
-61.5,1199.5772
-61.4,1199.36219
-61.3,1199.15594
-61.2,1198.9585
-61.1,1198.76991
-61,1198.59019
-60.9,1198.41939
-60.8,1198.25751
-60.7,1198.10459
-60.6,1197.96061
-60.5,1197.8256
-60.4,1197.69956
-60.3,1197.58248
-60.2,1197.47437
-60.1,1197.37521
-60,1197.285
-59.9,1197.20374
-59.8,1197.13141
-59.7,1197.068
-59.6,1197.01349
-59.5,1196.96787
-59.4,1196.93112
-59.3,1196.90322
-59.2,1196.88416
-59.1,1196.87392
-59,1196.87248
-58.9,1196.87982
-58.8,1196.89592
-58.7,1196.92073
-58.6,1196.95424
-58.5,1196.9964
-58.4,1197.04718
-58.3,1197.10654
-58.2,1197.17443
-58.1,1197.25082
-58,1197.33565
-57.9,1197.42888
-57.8,1197.53047
-57.7,1197.64035
-57.6,1197.75847
-57.5,1197.88478
-57.4,1198.0192
-57.3,1198.16168
-57.2,1198.31215
-57.1,1198.47052
-57,1198.63672
-56.9,1198.81067
-56.8,1198.99228
-56.7,1199.18148
-56.6,1199.37817
-56.5,1199.58225
-56.4,1199.79364
-56.3,1200.01223
-56.2,1200.23794
-56.1,1200.47067
-56,1200.71033
-55.9,1200.95684
-55.8,1201.2101
-55.7,1201.47003
-55.6,1201.73656
-55.5,1202.00959
-55.4,1202.28907
-55.3,1202.5749
-55.2,1202.86703
-55.1,1203.16539
-55,1203.46991
-54.9,1203.78054
-54.8,1204.09722
-54.7,1204.41989
-54.6,1204.7485
-54.5,1205.08301
-54.4,1205.42336
-54.3,1205.7695
-54.2,1206.12139
-54.1,1206.47897
-54,1206.84221
-53.9,1207.21104
-53.8,1207.58542
-53.7,1207.9653
-53.6,1208.35064
-53.5,1208.74137
-53.4,1209.13745
-53.3,1209.53885
-53.2,1209.94549
-53.1,1210.35735
-53,1210.77435
-52.9,1211.19646
-52.8,1211.6236
-52.7,1212.05572
-52.6,1212.49274
-52.5,1212.93459
-52.4,1213.38121
-52.3,1213.83252
-52.2,1214.28846
-52.1,1214.74895
-52,1215.21393
-51.9,1215.68334
-51.8,1216.15709
-51.7,1216.63513
-51.6,1217.11737
-51.5,1217.60376
-51.4,1218.09421
-51.3,1218.58865
-51.2,1219.08701
-51.1,1219.58921
-51,1220.09518
-50.9,1220.60485
-50.8,1221.11814
-50.7,1221.63498
-50.6,1222.15529
-50.5,1222.67901
-50.4,1223.20607
-50.3,1223.73639
-50.2,1224.2699
-50.1,1224.80652
-50,1225.34619
-49.9,1225.88883
-49.8,1226.43434
-49.7,1226.98267
-49.6,1227.53371
-49.5,1228.08738
-49.4,1228.6436
-49.3,1229.20228
-49.2,1229.76334
-49.1,1230.3267
-49,1230.89226
-48.9,1231.45995
-48.8,1232.02967
-48.7,1232.60136
-48.6,1233.17491
-48.5,1233.75025
-48.4,1234.3273
-48.3,1234.90597
-48.2,1235.48618
-48.1,1236.06785
-48,1236.65092
-47.9,1237.23529
-47.8,1237.82092
-47.7,1238.40773
-47.6,1238.99566
-47.5,1239.58463
-47.4,1240.17458
-47.3,1240.76545
-47.2,1241.35717
-47.1,1241.94968
-47,1242.54292
-46.9,1243.13684
-46.8,1243.73137
-46.7,1244.32646
-46.6,1244.92205
-46.5,1245.51809
-46.4,1246.11451
-46.3,1246.71126
-46.2,1247.30829
-46.1,1247.90554
-46,1248.50298
-45.9,1249.10054
-45.8,1249.69819
-45.7,1250.29589
-45.6,1250.89359
-45.5,1251.49126
-45.4,1252.08887
-45.3,1252.68639
-45.2,1253.28377
-45.1,1253.88099
-45,1254.47802
-44.9,1255.07483
-44.8,1255.67139
-44.7,1256.26768
-44.6,1256.86367
-44.5,1257.45935
-44.4,1258.05469
-44.3,1258.64969
-44.2,1259.24434
-44.1,1259.83861
-44,1260.43249
-43.9,1261.02599
-43.8,1261.61908
-43.7,1262.21177
-43.6,1262.80405
-43.5,1263.39591
-43.4,1263.98736
-43.3,1264.5784
-43.2,1265.16903
-43.1,1265.75923
-43,1266.34903
-42.9,1266.93841
-42.8,1267.52738
-42.7,1268.11592
-42.6,1268.70405
-42.5,1269.29175
-42.4,1269.87901
-42.3,1270.46584
-42.2,1271.05222
-42.1,1271.63815
-42,1272.22363
-41.9,1272.80864
-41.8,1273.39319
-41.7,1273.97727
-41.6,1274.5609
-41.5,1275.14408
-41.4,1275.72681
-41.3,1276.30911
-41.2,1276.89098
-41.1,1277.47243
-41,1278.05347
-40.9,1278.63412
-40.8,1279.21439
-40.7,1279.79429
-40.6,1280.37385
-40.5,1280.95308
-40.4,1281.532
-40.3,1282.11062
-40.2,1282.68896
-40.1,1283.26703
-40,1283.84485
-39.9,1284.49651
-39.8,1285.14849
-39.7,1285.80088
-39.6,1286.45376
-39.5,1287.10719
-39.4,1287.76123
-39.3,1288.41593
-39.2,1289.07134
-39.1,1289.72749
-39,1290.38442
-38.9,1291.04214
-38.8,1291.70068
-38.7,1292.36006
-38.6,1293.02029
-38.5,1293.68137
-38.4,1294.34332
-38.3,1295.00613
-38.2,1295.66982
-38.1,1296.33438
-38,1296.99982
-37.9,1297.66612
-37.8,1298.3333
-37.7,1299.00134
-37.6,1299.67024
-37.5,1300.34
-37.4,1301.01061
-37.3,1301.68206
-37.2,1302.35436
-37.1,1303.02748
-37,1303.70143
-36.9,1304.37619
-36.8,1305.05176
-36.7,1305.72812
-36.6,1306.40529
-36.5,1307.08324
-36.4,1307.76197
-36.3,1308.44148
-36.2,1309.12176
-36.1,1309.80281
-36,1310.48463
-35.9,1311.16721
-35.8,1311.85055
-35.7,1312.53465
-35.6,1313.2195
-35.5,1313.90509
-35.4,1314.59144
-35.3,1315.27852
-35.2,1315.96635
-35.1,1316.65491
-35,1317.34422
-34.9,1318.03425
-34.8,1318.72502
-34.7,1319.41653
-34.6,1320.10876
-34.5,1320.80171
-34.4,1321.4954
-34.3,1322.18981
-34.2,1322.88494
-34.1,1323.5808
-34,1324.27739
-33.9,1324.97471
-33.8,1325.67275
-33.7,1326.37152
-33.6,1327.07101
-33.5,1327.77124
-33.4,1328.47219
-33.3,1329.17388
-33.2,1329.87629
-33.1,1330.57943
-33,1331.28331
-32.9,1331.98791
-32.8,1332.69325
-32.7,1333.39933
-32.6,1334.10614
-32.5,1334.81369
-32.4,1335.52198
-32.3,1336.231
-32.2,1336.94077
-32.1,1337.65127
-32,1338.36251
-31.9,1339.07448
-31.8,1339.7872
-31.7,1340.50066
-31.6,1341.21486
-31.5,1341.9298
-31.4,1342.64548
-31.3,1343.3619
-31.2,1344.07907
-31.1,1344.79698
-31,1345.51563
-30.9,1346.23502
-30.8,1346.95516
-30.7,1347.67605
-30.6,1348.39767
-30.5,1349.12004
-30.4,1349.84315
-30.3,1350.567
-30.2,1351.29159
-30.1,1352.01692
-30,1352.74299
-29.9,1353.4698
-29.8,1354.19734
-29.7,1354.92562
-29.6,1355.65464
-29.5,1356.38439
-29.4,1357.11487
-29.3,1357.84609
-29.2,1358.57804
-29.1,1359.31071
-29,1360.04412
-28.9,1360.77825
-28.8,1361.51311
-28.7,1362.24869
-28.6,1362.985
-28.5,1363.72202
-28.4,1364.45977
-28.3,1365.19824
-28.2,1365.93742
-28.1,1366.67732
-28,1367.41793
-27.9,1368.15926
-27.8,1368.90129
-27.7,1369.64403
-27.6,1370.38746
-27.5,1371.1316
-27.4,1371.87644
-27.3,1372.62196
-27.2,1373.36818
-27.1,1374.11508
-27,1374.86267
-26.9,1375.61093
-26.8,1376.35988
-26.7,1377.10949
-26.6,1377.85979
-26.5,1378.61074
-26.4,1379.36237
-26.3,1380.11466
-26.2,1380.8676
-26.1,1381.62121
-26,1382.37547
-25.9,1383.13039
-25.8,1383.88595
-25.7,1384.64216
-25.6,1385.39902
-25.5,1386.15652
-25.4,1386.91466
-25.3,1387.67343
-25.2,1388.43284
-25.1,1389.19289
-25,1389.95357
-24.9,1390.71487
-24.8,1391.4768
-24.7,1392.23935
-24.6,1393.00252
-24.5,1393.7663
-24.4,1394.5307
-24.3,1395.29571
-24.2,1396.06132
-24.1,1396.82753
-24,1397.59434
-23.9,1398.36174
-23.8,1399.12974
-23.7,1399.89831
-23.6,1400.66747
-23.5,1401.4372
-23.4,1402.2075
-23.3,1402.97837
-23.2,1403.74981
-23.1,1404.5218
-23,1405.29435
-22.9,1406.06744
-22.8,1406.84108
-22.7,1407.61527
-22.6,1408.38998
-22.5,1409.16523
-22.4,1409.94101
-22.3,1410.7173
-22.2,1411.49411
-22.1,1412.27143
-22,1413.04926
-21.9,1413.82758
-21.8,1414.6064
-21.7,1415.38571
-21.6,1416.1655
-21.5,1416.94576
-21.4,1417.72651
-21.3,1418.50772
-21.2,1419.28939
-21.1,1420.07153
-21,1420.85411
-20.9,1421.63715
-20.8,1422.42064
-20.7,1423.20457
-20.6,1423.98894
-20.5,1424.77374
-20.4,1425.55898
-20.3,1426.34464
-20.2,1427.13073
-20.1,1427.91724
-20,1428.70417
-19.9,1429.49151
-19.8,1430.27926
-19.7,1431.06742
-19.6,1431.85598
-19.5,1432.64494
-19.4,1433.43429
-19.3,1434.22404
-19.2,1435.01417
-19.1,1435.80469
-19,1436.59559
-18.9,1437.38687
-18.8,1438.17853
-18.7,1438.97055
-18.6,1439.76295
-18.5,1440.55571
-18.4,1441.34884
-18.3,1442.14233
-18.2,1442.93617
-18.1,1443.73037
-18,1444.52492
-17.9,1445.31982
-17.8,1446.11507
-17.7,1446.91066
-17.6,1447.70659
-17.5,1448.50286
-17.4,1449.29946
-17.3,1450.0964
-17.2,1450.89367
-17.1,1451.69126
-17,1452.48918
-16.9,1453.28742
-16.8,1454.08598
-16.7,1454.88486
-16.6,1455.68405
-16.5,1456.48355
-16.4,1457.28336
-16.3,1458.08348
-16.2,1458.88391
-16.1,1459.68464
-16,1460.48566
-15.9,1461.28699
-15.8,1462.08861
-15.7,1462.89053
-15.6,1463.69274
-15.5,1464.49523
-15.4,1465.29801
-15.3,1466.10107
-15.2,1466.9044
-15.1,1467.70801
-15,1468.5119
-14.9,1469.31605
-14.8,1470.12047
-14.7,1470.92515
-14.6,1471.73008
-14.5,1472.53527
-14.4,1473.34071
-14.3,1474.14639
-14.2,1474.95232
-14.1,1475.75848
-14,1476.56487
-13.9,1477.37149
-13.8,1478.17834
-13.7,1478.98541
-13.6,1479.79269
-13.5,1480.60019
-13.4,1481.40789
-13.3,1482.21579
-13.2,1483.02389
-13.1,1483.83219
-13,1484.64068
-12.9,1485.44935
-12.8,1486.25821
-12.7,1487.06724
-12.6,1487.87645
-12.5,1488.68583
-12.4,1489.49537
-12.3,1490.30508
-12.2,1491.11496
-12.1,1491.92499
-12,1492.73518
-11.9,1493.54552
-11.8,1494.35601
-11.7,1495.16665
-11.6,1495.97743
-11.5,1496.78836
-11.4,1497.59943
-11.3,1498.41064
-11.2,1499.22199
-11.1,1500.03347
-11,1500.84509
-10.9,1501.65685
-10.8,1502.46874
-10.7,1503.28076
-10.6,1504.09291
-10.5,1504.9052
-10.4,1505.71761
-10.3,1506.53015
-10.2,1507.34283
-10.1,1508.15563
-10,1508.96856
-9.9,1509.78162
-9.8,1510.5948
-9.7,1511.40812
-9.6,1512.22156
-9.5,1513.03513
-9.4,1513.84883
-9.3,1514.66266
-9.2,1515.47663
-9.1,1516.29072
-9,1517.10495
-8.9,1517.91931
-8.8,1518.73381
-8.7,1519.54844
-8.6,1520.36321
-8.5,1521.17812
-8.4,1521.99318
-8.3,1522.80837
-8.2,1523.62372
-8.1,1524.43921
-8,1525.25486
-7.9,1526.07065
-7.8,1526.8866
-7.7,1527.7027
-7.6,1528.51895
-7.5,1529.33537
-7.4,1530.15194
-7.3,1530.96867
-7.2,1531.78556
-7.1,1532.60261
-7,1533.41983
-6.9,1534.23721
-6.8,1535.05476
-6.7,1535.87248
-6.6,1536.69036
-6.5,1537.50842
-6.4,1538.32665
-6.3,1539.14506
-6.2,1539.96365
-6.1,1540.78241
-6,1541.60135
-5.9,1542.42047
-5.8,1543.23978
-5.7,1544.05927
-5.6,1544.87894
-5.5,1545.69879
-5.4,1546.51883
-5.3,1547.33905
-5.2,1548.15945
-5.1,1548.98004
-5,1549.80082
-4.9,1550.62177
-4.8,1551.44292
-4.7,1552.26425
-4.6,1553.08576
-4.5,1553.90746
-4.4,1554.72935
-4.3,1555.55142
-4.2,1556.37367
-4.1,1557.1961
-4,1558.01872
-3.9,1558.84153
-3.8,1559.66451
-3.7,1560.48767
-3.6,1561.31102
-3.5,1562.13454
-3.4,1562.95824
-3.3,1563.78212
-3.2,1564.60618
-3.1,1565.43041
-3,1566.25482
-2.9,1567.07941
-2.8,1567.90416
-2.7,1568.72909
-2.6,1569.55419
-2.5,1570.37947
-2.4,1571.20492
-2.3,1572.03054
-2.2,1572.85633
-2.1,1573.68229
-2,1574.50843
-1.9,1575.33473
-1.8,1576.16121
-1.7,1576.98786
-1.6,1577.81468
-1.5,1578.64167
-1.4,1579.46883
-1.3,1580.29616
-1.2,1581.12365
-1.1,1581.95131
-1,1582.77914
-0.9,1583.60714
-0.8,1584.4353
-0.7,1585.26362
-0.6,1586.0921
-0.5,1586.92075
-0.4,1587.74955
-0.3,1588.57852
-0.2,1589.40764
-0.1,1590.23691
-7.10542736e-15,1591.06635
