%Data filename =  
%Sum of power =     272.8854260
%Multiplication factor for 0.01% FDR = 5.58987 Chi2 CL=  99.999958%
%Multiplication factor for  0.1% FDR = 5.09019 Chi2 CL=  99.999765%
%Multiplication factor for   1% FDR = 3.91579 Chi2 CL=  99.987710%
%Multiplication factor for   5% FDR = 3.38269 Chi2 CL=  99.931010%
%     Frequency Period/Wavelength       Rel.Power   SWA_background           5% FDR           1% FDR         0.1% FDR       0.01% FDR
      0.0609385       16.4100000       24.3814382        3.8066968       12.8768722       14.9062200       19.3768096       21.2789291
      0.1218769        8.2050000       21.2464552        3.8007237       12.8566673       14.8828309       19.3464057       21.2455406
      0.1828154        5.4700000       16.3214531        3.7830938       12.7970306       14.8137956       19.2566658       21.1469914
      0.2437538        4.1025000       14.7077277        3.7546360       12.7007668       14.7023610       19.1118103       20.9879162
      0.3046923        3.2820000       15.1488238        3.7166133       12.5721478       14.5534722       18.9182676       20.7753744
      0.3656307        2.7350000       14.8005018        3.6705712       12.4164017       14.3731810       18.6839045       20.5180052
      0.4265692        2.3442857       12.2397117        3.6181719       12.2391512       14.1679965       18.4171822       20.2251002
      0.4875076        2.0512500        7.8936666        3.5610428       12.0459012       13.9442910       18.1263843       19.9057561
      0.5484461        1.8233333        4.0054960        3.5006597       11.8416437       13.7078434       17.8190225       19.5682223
      0.6093845        1.6410000        2.0307634        3.4382745       11.6306143       13.4635564       17.5014704       19.2194977
      0.6703230        1.4918182        1.4515354        3.3748871       11.4161944       13.2153448       17.1788166       18.8651707
      0.7312614        1.3675000        1.3502448        3.3112512       11.2009337       12.9661597       16.8548973       18.5094540
      0.7921999        1.2623077        1.4579883        3.2479036       10.9866486       12.7181041       16.5324462       18.1553495
      0.8531383        1.1721429        1.7890432        3.1852057       10.7745610       12.4725923       16.2133020       17.8048766
      0.9140768        1.0940000        2.2655742        3.1233856       10.5654428       12.2305178       15.8986259       17.4593104
      0.9750152        1.0256250        2.7162115        3.0625768       10.3597456       11.9924035       15.5890977       17.1193974
      1.0359537        0.9652941        2.8286262        3.0028496       10.1577069       11.7585242       15.2850746       16.7855300
      1.0968921        0.9116667        2.5147071        2.9442339        9.9594283       11.5289976       14.9867097       16.4578762
      1.1578306        0.8636842        2.1014082        2.8867359        9.7649305       11.3038477       14.6940341       16.1364701
      1.2187690        0.8205000        1.7025608        2.8303482        9.5741884       11.0830454       14.4070100       15.8212704
      1.2797075        0.7814286        1.1926909        2.7750562        9.3871528       10.8665336       14.1255632       15.5121954
      1.3406459        0.7459091        0.7711008        2.7208418        9.2037624       10.6542415       13.8496017       15.2091442
      1.4015844        0.7134783        0.7703533        2.6676854        9.0239508       10.4460923       13.5790255       14.9120071
      1.4625229        0.6837500        1.2158866        2.6155668        8.8476497       10.2420068       13.3137319       14.6206709
      1.5234613        0.6564000        1.7875024        2.5644655        8.6747898       10.0419048       13.0536163       14.3350212
      1.5843998        0.6311538        2.0577397        2.5143606        8.5053004        9.8457045       12.7985728       14.0549414
      1.6453382        0.6077778        1.9657297        2.4652303        8.3391079        9.6533207       12.5484903       13.7803096
      1.7062767        0.5860714        1.8618631        2.4170507        8.1761313        9.4646596       12.3032470       13.5109921
      1.7672151        0.5658621        1.9028713        2.3697936        8.0162751        9.2796107       12.0626993       13.2468310
      1.8281536        0.5470000        1.8636611        2.3234227        7.8594169        9.0980321       11.8266627       12.9876240
      1.8890920        0.5293548        1.6269905        2.2778881        7.7053874        8.9197282       11.5948829       12.7330916
      1.9500305        0.5128125        1.3813214        2.2331175        7.5539424        8.7444160       11.3669920       12.4828298
      2.0109689        0.4972727        1.2712980        2.1890047        7.4047225        8.5716796       11.1424495       12.2362452
      2.0719074        0.4826471        1.2505041        2.1453949        7.2572043        8.4009131       10.9204676       11.9924725
      2.1328458        0.4688571        1.3197655        2.1020682        7.1106435        8.2312548       10.6999264       11.7502819
      2.1937843        0.4558333        1.6097733        2.0587231        6.9640205        8.0615245       10.4792916       11.5079885
      2.2547227        0.4435135        2.2150511        2.0149647        6.8159995        7.8901761       10.2565533       11.2633852
      2.3156612        0.4318421        2.9071719        1.9703021        6.6649196        7.7152865       10.0292118       11.0137268
      2.3765996        0.4207692        3.1409581        1.9241598        6.5088345        7.5346029        9.7943386       10.7557974
      2.4375381        0.4102500        2.8848125        1.8759092        6.3456180        7.3456641        9.5487343       10.4860833
      2.4984765        0.4002439        3.1250221        1.8249207        6.1731395        7.1460036        9.2891928       10.2010640
      2.5594150        0.3907143        4.8060083        1.7706327        5.9895001        6.9334234        9.0128567        9.8976014
      2.6203534        0.3816279        7.2827076        1.7126316        5.7933004        6.7063033        8.7176200        9.5733829
      2.6812919        0.3729545        8.4026412        1.6507261        5.5838934        6.4638945        8.4025094        9.2273395
      2.7422303        0.3646667        6.9094479        1.5850025        5.3615710        6.2065349        8.0679639        8.8599535
      2.8031688        0.3567391        4.1406032        1.5158455        5.1276343        5.9357306        7.7159415        8.4733749
      2.8641073        0.3491489        2.2143737        1.4439175        4.8843240        5.6540756        7.3498141        8.0713067
      2.9250457        0.3418750        1.6463778        1.3700985        4.6346173        5.3650160        6.9740613        7.6586683
      2.9859842        0.3348980        1.7207870        1.2953975        4.3819273        5.0725030        6.5938195        7.2411001
      3.0469226        0.3282000        1.8420395        1.2208530        4.1297662        4.7806022        6.2143735        6.8244058
      3.1078611        0.3217647        1.7204252        1.1474397        3.8814319        4.4931313        5.8406860        6.4140354
      3.1687995        0.3155769        1.3365869        1.0759982        3.6397675        4.2133816        5.4770352        6.0146870
      3.2297380        0.3096226        1.0398368        1.0071923        3.4070185        3.9439521        5.1268001        5.6300711
      3.2906764        0.3038889        0.9665567        0.9414957        3.1847873        3.6866981        4.7923919        5.2628358
      3.3516149        0.2983636        0.8430582        0.8792023        2.9740680        3.4427702        4.4753065        4.9146238
      3.4125533        0.2930357        0.6425874        0.8204516        2.7753329        3.2127152        4.1762546        4.5862156
      3.4734918        0.2878947        0.6066042        0.7652620        2.5886436        2.9966043        3.8953290        4.2777130
      3.5344302        0.2829310        0.7339070        0.7135636        2.4137638        2.7941641        3.6321741        3.9887255
      3.5953687        0.2781356        0.8115452        0.6652280        2.2502596        2.6048923        3.3861369        3.7185362
      3.6563071        0.2735000        0.7321138        0.6200924        2.0975799        2.4281507        3.1563880        3.4662341
      3.7172456        0.2690164        0.5683282        0.5779768        1.9551160        2.2632351        2.9420118        3.2308136
      3.7781840        0.2646774        0.4393278        0.5386968        1.8222440        2.1094230        2.7420692        3.0112438
      3.8391225        0.2604762        0.3969038        0.5020718        1.6983528        1.9660069        2.5556407        2.8065145
      3.9000609        0.2564063        0.4338020        0.4679304        1.5828631        1.8323165        2.3818546        2.6156687
      3.9609994        0.2524615        0.5441680        0.4361150        1.4752414        1.7077341        2.2199081        2.4378248
      4.0219378        0.2486364        0.7225507        0.4064844        1.3750104        1.5917070        2.0690829        2.2721938
      4.0828763        0.2449254        0.8509811        0.3789165        1.2817566        1.4837568        1.9287567        2.1180926
      4.1438147        0.2413235        0.7531086        0.3533091        1.1951350        1.3834839        1.7984105        1.9749511
      4.2047532        0.2378261        0.4788458        0.3295806        1.1148686        1.2905678        1.6776276        1.8423115
      4.2656917        0.2344286        0.2696735        0.3076670        1.0407419        1.2047590        1.5660835        1.7198177
      4.3266301        0.2311268        0.2345301        0.2875187        0.9725863        1.1258623        1.4635246        1.6071911
      4.3875686        0.2279167        0.2911106        0.2690934        0.9102593        1.0537128        1.3697364        1.5041963
      4.4485070        0.2247945        0.3179511        0.2523494        0.8536195        0.9881468        1.2845062        1.4105995
      4.5094455        0.2217568        0.2653649        0.2372374        0.8025005        0.9289716        1.2075836        1.3261257
      4.5703839        0.2188000        0.1768957        0.2236944        0.7566887        0.8759400        1.1386471        1.2504220
      4.6313224        0.2159211        0.1093819        0.2116389        0.7159085        0.8287330        1.0772820        1.1830331
      4.6922608        0.2131169        0.0801672        0.2009693        0.6798167        0.7869533        1.0229719        1.1233917
      4.7531993        0.2103846        0.0869206        0.1915657        0.6480072        0.7501307        0.9751057        1.0708267
      4.8141377        0.2077215        0.1094967        0.1832932        0.6200238        0.7177373        0.9329970        1.0245844
      4.8750762        0.2051250        0.1187846        0.1760080        0.5953805        0.6892103        0.8959144        0.9838616
      4.9360146        0.2025926        0.1071104        0.1695644        0.5735838        0.6639785        0.8631152        0.9478426
      4.9969531        0.2001220        0.1019496        0.1638211        0.5541559        0.6414889        0.8338806        0.9157382
      5.0578915        0.1977108        0.1501951        0.1586475        0.5366553        0.6212303        0.8075461        0.8868187
      5.1188300        0.1953571        0.2433274        0.1539284        0.5206919        0.6027511        0.7835248        0.8604393
      5.1797684        0.1930588        0.2853094        0.1495662        0.5059360        0.5856697        0.7613205        0.8360553
      5.2407069        0.1908140        0.2241945        0.1454823        0.4921213        0.5696778        0.7405324        0.8132266
      5.3016453        0.1886207        0.1362070        0.1416156        0.4790416        0.5545368        0.7208503        0.7916124
      5.3625838        0.1864773        0.0970179        0.1379209        0.4665437        0.5400693        0.7020438        0.7709598
      5.4235222        0.1843820        0.0906217        0.1343659        0.4545182        0.5261486        0.6839481        0.7510877
      5.4844607        0.1823333        0.0822312        0.1309280        0.4428889        0.5126865        0.6664486        0.7318703
      5.5453991        0.1803297        0.0684329        0.1275919        0.4316037        0.4996229        0.6494669        0.7132217
      5.6063376        0.1783696        0.0568489        0.1243468        0.4206265        0.4869157        0.6329487        0.6950820
      5.6672761        0.1764516        0.0519792        0.1211849        0.4099309        0.4745345        0.6168542        0.6774076
      5.7282145        0.1745745        0.0518938        0.1181000        0.3994956        0.4624547        0.6011515        0.6601634
      5.7891530        0.1727368        0.0565415        0.1150865        0.3893017        0.4506543        0.5858119        0.6433180
      5.8500914        0.1709375        0.0700225        0.1121388        0.3793309        0.4391120        0.5708080        0.6268413
      5.9110299        0.1691753        0.0815610        0.1092518        0.3695649        0.4278070        0.5561125        0.6107031
      5.9719683        0.1674490        0.0763502        0.1064201        0.3599863        0.4167188        0.5416987        0.5948745
      6.0329068        0.1657576        0.0716111        0.1036392        0.3505791        0.4058291        0.5275431        0.5793292
      6.0938452        0.1641000        0.1020463        0.1009052        0.3413309        0.3951234        0.5136265        0.5640466
      6.1547837        0.1624752        0.1611141        0.0982159        0.3322339        0.3845928        0.4999377        0.5490139
      6.2157221        0.1608824        0.1990563        0.0955709        0.3232868        0.3742356        0.4864742        0.5342288
      6.2766606        0.1593204        0.1915608        0.0929718        0.3144946        0.3640578        0.4732440        0.5196999
      6.3375990        0.1577885        0.1583266        0.0904219        0.3058690        0.3540729        0.4602644        0.5054461
      6.3985375        0.1562857        0.1235336        0.0879259        0.2974261        0.3442994        0.4475597        0.4914943
      6.4594759        0.1548113        0.1012321        0.0854895        0.2891845        0.3347590        0.4351580        0.4778752
      6.5204144        0.1533645        0.0857440        0.0831181        0.2811626        0.3254728        0.4230868        0.4646190
      6.5813528        0.1519444        0.0590567        0.0808161        0.2733757        0.3164587        0.4113692        0.4517512
      6.6422913        0.1505505        0.0291121        0.0785867        0.2658343        0.3077288        0.4000211        0.4392891
      6.7032297        0.1491818        0.0206332        0.0764312        0.2585428        0.2992882        0.3890491        0.4272400
      6.7641682        0.1478378        0.0361544        0.0743490        0.2514995        0.2911349        0.3784505        0.4156010
      6.8251066        0.1465179        0.0608999        0.0723381        0.2446972        0.2832606        0.3682146        0.4043602
      6.8860451        0.1452212        0.0877141        0.0703951        0.2381249        0.2756525        0.3583247        0.3934995
      6.9469835        0.1439474        0.1196827        0.0685162        0.2317691        0.2682950        0.3487606        0.3829966
      7.0079220        0.1426957        0.1512200        0.0666971        0.2256156        0.2611717        0.3395009        0.3728279
      7.0688605        0.1414655        0.1579043        0.0649337        0.2196506        0.2542667        0.3305249        0.3629708
      7.1297989        0.1402564        0.1261184        0.0632224        0.2138616        0.2475654        0.3218138        0.3534046
      7.1907374        0.1390678        0.0814749        0.0615598        0.2082377        0.2410552        0.3133512        0.3441112
      7.2516758        0.1378992        0.0625663        0.0599434        0.2027698        0.2347256        0.3051232        0.3350756
      7.3126143        0.1367500        0.0789786        0.0583708        0.1974502        0.2285677        0.2971184        0.3262849
      7.3735527        0.1356198        0.1020699        0.0568401        0.1922724        0.2225738        0.2893269        0.3177286
      7.4344912        0.1345082        0.0986482        0.0553497        0.1872307        0.2167376        0.2817403        0.3093973
      7.4954296        0.1334146        0.0782574        0.0538980        0.1823203        0.2110534        0.2743513        0.3012829
      7.5563681        0.1323387        0.0743499        0.0524840        0.1775370        0.2055162        0.2671534        0.2933784
      7.6173065        0.1312800        0.0846027        0.0511064        0.1728771        0.2001219        0.2601413        0.2856780
      7.6782450        0.1302381        0.0815804        0.0497646        0.1683382        0.1948677        0.2533113        0.2781775
      7.7391834        0.1292126        0.0620505        0.0484583        0.1639192        0.1897523        0.2466617        0.2708752
      7.8001219        0.1282031        0.0467733        0.0471877        0.1596213        0.1847770        0.2401943        0.2637730
      7.8610603        0.1272093        0.0476343        0.0459540        0.1554481        0.1799461        0.2339145        0.2568767
      7.9219988        0.1262308        0.0515323        0.0447591        0.1514061        0.1752672        0.2278323        0.2501974
      7.9829372        0.1252672        0.0445338        0.0436059        0.1475051        0.1707514        0.2219621        0.2437510
      8.0438757        0.1243182        0.0388422        0.0424978        0.1437570        0.1664126        0.2163221        0.2375573
      8.1048141        0.1233835        0.0486551        0.0414390        0.1401753        0.1622664        0.2109324        0.2316386
      8.1657526        0.1224627        0.0611152        0.0404334        0.1367735        0.1583285        0.2058134        0.2260171
      8.2266910        0.1215556        0.0577103        0.0394843        0.1335631        0.1546121        0.2009825        0.2207119
      8.2876295        0.1206618        0.0414523        0.0385942        0.1305521        0.1511266        0.1964517        0.2157363
      8.3485679        0.1197810        0.0264019        0.0377639        0.1277436        0.1478755        0.1922254        0.2110952
      8.4095064        0.1189130        0.0188878        0.0369926        0.1251345        0.1448552        0.1882993        0.2067837
      8.4704449        0.1180576        0.0215727        0.0362776        0.1227159        0.1420555        0.1846600        0.2027871
      8.5313833        0.1172143        0.0418472        0.0356148        0.1204737        0.1394599        0.1812859        0.1990818
      8.5923218        0.1163830        0.0764628        0.0349986        0.1183894        0.1370471        0.1781495        0.1956375
      8.6532602        0.1155634        0.0980770        0.0344230        0.1164424        0.1347932        0.1752197        0.1924201
      8.7141987        0.1147552        0.0858545        0.0338817        0.1146111        0.1326734        0.1724640        0.1893939
      8.7751371        0.1139583        0.0551514        0.0333684        0.1128751        0.1306638        0.1698517        0.1865252
      8.8360756        0.1131724        0.0312292        0.0328779        0.1112158        0.1287430        0.1673549        0.1837833
      8.8970140        0.1123973        0.0192882        0.0324055        0.1096177        0.1268930        0.1649501        0.1811424
      8.9579525        0.1116327        0.0147792        0.0319474        0.1080681        0.1250993        0.1626183        0.1785817
      9.0188909        0.1108784        0.0163317        0.0315008        0.1065575        0.1233506        0.1603452        0.1760855
      9.0798294        0.1101342        0.0210194        0.0310637        0.1050789        0.1216390        0.1581202        0.1736421
      9.1407678        0.1094000        0.0232633        0.0306346        0.1036275        0.1199588        0.1559361        0.1712436
      9.2017063        0.1086755        0.0240934        0.0302126        0.1021999        0.1183063        0.1537880        0.1688846
      9.2626447        0.1079605        0.0284592        0.0297971        0.1007943        0.1166791        0.1516728        0.1665617
      9.3235832        0.1072549        0.0309618        0.0293876        0.0994093        0.1150758        0.1495887        0.1642731
      9.3845216        0.1065584        0.0238132        0.0289842        0.0980445        0.1134960        0.1475350        0.1620178
      9.4454601        0.1058710        0.0136761        0.0285867        0.0967001        0.1119397        0.1455120        0.1597961
      9.5063985        0.1051923        0.0103907        0.0281956        0.0953769        0.1104080        0.1435209        0.1576096
      9.5673370        0.1045223        0.0116962        0.0278113        0.0940769        0.1089030        0.1415646        0.1554613
      9.6282754        0.1038608        0.0114747        0.0274346        0.0928028        0.1074282        0.1396475        0.1533560
      9.6892139        0.1032075        0.0105183        0.0270670        0.0915592        0.1059886        0.1377760        0.1513008
      9.7501523        0.1025625        0.0127283        0.0267100        0.0903516        0.1045907        0.1359589        0.1493053
      9.8110908        0.1019255        0.0176025        0.0263658        0.0891872        0.1032428        0.1342068        0.1473811
      9.8720293        0.1012963        0.0212154        0.0260367        0.0880742        0.1019544        0.1325320        0.1455420
      9.9329677        0.1006748        0.0215958        0.0257255        0.0870214        0.1007356        0.1309477        0.1438022
      9.9939062        0.1000610        0.0204951        0.0254346        0.0860372        0.0995964        0.1294668        0.1421758
     10.0548446        0.0994545        0.0222643        0.0251661        0.0851292        0.0985452        0.1281003        0.1406753
     10.1157831        0.0988554        0.0299275        0.0249218        0.0843027        0.0975885        0.1268567        0.1393096
     10.1767215        0.0982635        0.0397310        0.0247025        0.0835608        0.0967296        0.1257403        0.1380835
     10.2376600        0.0976786        0.0439403        0.0245081        0.0829031        0.0959684        0.1247507        0.1369968
     10.2985984        0.0971006        0.0409662        0.0243376        0.0823265        0.0953009        0.1238830        0.1360439
     10.3595369        0.0965294        0.0372614        0.0241893        0.0818248        0.0947201        0.1231281        0.1352149
     10.4204753        0.0959649        0.0377103        0.0240607        0.0813899        0.0942166        0.1224735        0.1344961
     10.4814138        0.0954070        0.0383244        0.0239490        0.0810119        0.0937791        0.1219048        0.1338716
     10.5423522        0.0948555        0.0331797        0.0238511        0.0806810        0.0933960        0.1214068        0.1333247
     10.6032907        0.0943103        0.0261117        0.0237643        0.0803871        0.0930559        0.1209646        0.1328391
     10.6642291        0.0937714        0.0251637        0.0236858        0.0801215        0.0927484        0.1205650        0.1324002
     10.7251676        0.0932386        0.0284611        0.0236133        0.0798766        0.0924648        0.1201964        0.1319954
     10.7861060        0.0927119        0.0293715        0.0235452        0.0796462        0.0921981        0.1198497        0.1316147
     10.8470445        0.0921910        0.0288534        0.0234800        0.0794256        0.0919428        0.1195178        0.1312502
     10.9079829        0.0916760        0.0303350        0.0234167        0.0792115        0.0916950        0.1191956        0.1308964
     10.9689214        0.0911667        0.0335324        0.0233546        0.0790014        0.0914518        0.1188795        0.1305493
     11.0298598        0.0906630        0.0368438        0.0232932        0.0787937        0.0912113        0.1185669        0.1302060
     11.0907983        0.0901648        0.0356268        0.0232321        0.0785870        0.0909721        0.1182559        0.1298644
     11.1517367        0.0896721        0.0269974        0.0231710        0.0783804        0.0907329        0.1179449        0.1295230
     11.2126752        0.0891848        0.0182031        0.0231096        0.0781726        0.0904924        0.1176323        0.1291797
     11.2736137        0.0887027        0.0164973        0.0230475        0.0779624        0.0902490        0.1173159        0.1288322
     11.3345521        0.0882258        0.0179253        0.0229840        0.0777478        0.0900005        0.1169930        0.1284776
     11.3954906        0.0877540        0.0163346        0.0229185        0.0775263        0.0897442        0.1166597        0.1281116
     11.4564290        0.0872872        0.0132137        0.0228501        0.0772948        0.0894761        0.1163113        0.1277290
     11.5173675        0.0868254        0.0126497        0.0227775        0.0770491        0.0891918        0.1159417        0.1273231
     11.5783059        0.0863684        0.0156853        0.0226993        0.0767847        0.0888857        0.1155439        0.1268862
     11.6392444        0.0859162        0.0216647        0.0226141        0.0764965        0.0885520        0.1151100        0.1264098
     11.7001828        0.0854688        0.0289312        0.0225202        0.0761789        0.0881845        0.1146323        0.1258851
     11.7611213        0.0850259        0.0353338        0.0224163        0.0758272        0.0877773        0.1141030        0.1253039
     11.8220597        0.0845876        0.0384054        0.0223009        0.0754371        0.0873257        0.1135160        0.1246592
     11.8829982        0.0841538        0.0354400        0.0221734        0.0750057        0.0868263        0.1128668        0.1239463
     11.9439366        0.0837245        0.0280541        0.0220333        0.0745317        0.0862776        0.1121535        0.1231630
     12.0048751        0.0832995        0.0232262        0.0218807        0.0740156        0.0856802        0.1113769        0.1223102
     12.0658135        0.0828788        0.0255865        0.0217164        0.0734598        0.0850368        0.1105406        0.1213918
     12.1267520        0.0824623        0.0317059        0.0215415        0.0728683        0.0843521        0.1096505        0.1204143
     12.1876904        0.0820500        0.0347812        0.0213576        0.0722461        0.0836318        0.1087142        0.1193861
     12.2486289        0.0816418        0.0334319        0.0211663        0.0715991        0.0828828        0.1077406        0.1183169
     12.3095673        0.0812376        0.0323108        0.0209694        0.0709331        0.0821119        0.1067385        0.1172164
     12.3705058        0.0808374        0.0338561        0.0207687        0.0702539        0.0813257        0.1057164        0.1160940
     12.4314442        0.0804412        0.0332006        0.0205654        0.0695665        0.0805299        0.1046820        0.1149581
     12.4923827        0.0800488        0.0265729        0.0203611        0.0688752        0.0797297        0.1036417        0.1138157
     12.5533211        0.0796602        0.0197387        0.0201565        0.0681833        0.0789287        0.1026006        0.1126724
     12.6142596        0.0792754        0.0178672        0.0199526        0.0674934        0.0781301        0.1015625        0.1115323
     12.6751980        0.0788942        0.0171693        0.0197498        0.0668074        0.0773360        0.1005302        0.1103987
     12.7361365        0.0785167        0.0157866        0.0195485        0.0661266        0.0765479        0.0995057        0.1092737
     12.7970750        0.0781429        0.0180869        0.0193491        0.0654519        0.0757668        0.0984904        0.1081587
     12.8580134        0.0777725        0.0227702        0.0191516        0.0647840        0.0749938        0.0974855        0.1070551
     12.9189519        0.0774057        0.0222191        0.0189565        0.0641239        0.0742296        0.0964921        0.1059642
     12.9798903        0.0770423        0.0161016        0.0187639        0.0634723        0.0734753        0.0955116        0.1048875
     13.0408288        0.0766822        0.0120407        0.0185742        0.0628308        0.0727327        0.0945463        0.1038274
     13.1017672        0.0763256        0.0138174        0.0183881        0.0622013        0.0720040        0.0935991        0.1027872
     13.1627057        0.0759722        0.0182682        0.0182064        0.0615867        0.0712926        0.0926743        0.1017716
     13.2236441        0.0756221        0.0204125        0.0180303        0.0609910        0.0706029        0.0917777        0.1007871
     13.2845826        0.0752752        0.0186928        0.0178612        0.0604190        0.0699408        0.0909171        0.0998419
     13.3455210        0.0749315        0.0160478        0.0177010        0.0598771        0.0693135        0.0901016        0.0989464
     13.4064595        0.0745909        0.0145121        0.0175518        0.0593724        0.0687292        0.0893421        0.0981124
     13.4673979        0.0742534        0.0129340        0.0174159        0.0589127        0.0681971        0.0886504        0.0973528
     13.5283364        0.0739189        0.0106824        0.0172957        0.0585061        0.0677265        0.0880386        0.0966809
     13.5892748        0.0735874        0.0082750        0.0171935        0.0581603        0.0673261        0.0875182        0.0961094
     13.6502133        0.0732589        0.0068890        0.0171111        0.0578817        0.0670036        0.0870989        0.0956490
     13.7111517        0.0729333        0.0094447        0.0170501        0.0576751        0.0667645        0.0867881        0.0953077
     13.7720902        0.0726106        0.0160947        0.0170111        0.0575433        0.0666119        0.0865897        0.0950898
     13.8330286        0.0722907        0.0205010        0.0169943        0.0574863        0.0665459        0.0865040        0.0949956
     13.8939671        0.0719737        0.0196085        0.0169989        0.0575020        0.0665641        0.0865276        0.0950215
     13.9549055        0.0716594        0.0202519        0.0170237        0.0575858        0.0666612        0.0866538        0.0951602
     14.0158440        0.0713478        0.0262883        0.0170668        0.0577318        0.0668301        0.0868734        0.0954013
     14.0767824        0.0710390        0.0303440        0.0171262        0.0579326        0.0670625        0.0871756        0.0957331
     14.1377209        0.0707328        0.0261091        0.0171995        0.0581805        0.0673496        0.0875487        0.0961429
     14.1986594        0.0704292        0.0181108        0.0172845        0.0584682        0.0676825        0.0879815        0.0966182
     14.2595978        0.0701282        0.0146322        0.0173793        0.0587886        0.0680535        0.0884637        0.0971477
     14.3205363        0.0698298        0.0171761        0.0174819        0.0591360        0.0684556        0.0889864        0.0977218
     14.3814747        0.0695339        0.0195100        0.0175912        0.0595056        0.0688834        0.0895425        0.0983325
     14.4424132        0.0692405        0.0169286        0.0177059        0.0598936        0.0693327        0.0901265        0.0989738
     14.5033516        0.0689496        0.0142032        0.0178253        0.0602976        0.0698003        0.0907344        0.0996413
     14.5642901        0.0686611        0.0175450        0.0179489        0.0607156        0.0702842        0.0913635        0.1003321
     14.6252285        0.0683750        0.0224165        0.0180763        0.0611467        0.0707831        0.0920120        0.1010444
     14.6861670        0.0680913        0.0210977        0.0182074        0.0615900        0.0712963        0.0926791        0.1017769
     14.7471054        0.0678099        0.0151730        0.0183420        0.0620453        0.0718234        0.0933643        0.1025293
     14.8080439        0.0675309        0.0105043        0.0184801        0.0625125        0.0723642        0.0940673        0.1033014
     14.8689823        0.0672541        0.0102234        0.0186218        0.0629917        0.0729189        0.0947883        0.1040932
     14.9299208        0.0669796        0.0148751        0.0187670        0.0634829        0.0734876        0.0955275        0.1049050
     14.9908592        0.0667073        0.0205482        0.0189158        0.0639864        0.0740704        0.0962852        0.1057370
     15.0517977        0.0664372        0.0219621        0.0190683        0.0645023        0.0746676        0.0970615        0.1065895
     15.1127361        0.0661694        0.0198756        0.0192246        0.0650307        0.0752793        0.0978567        0.1074627
     15.1736746        0.0659036        0.0188810        0.0193845        0.0655718        0.0759056        0.0986708        0.1083568
     15.2346130        0.0656400        0.0207100        0.0195481        0.0661252        0.0765463        0.0995037        0.1092714
     15.2955515        0.0653785        0.0233128        0.0197153        0.0666906        0.0772008        0.1003545        0.1102057
     15.3564899        0.0651190        0.0248691        0.0198855        0.0672666        0.0778676        0.1012212        0.1111576
     15.4174284        0.0648617        0.0261320        0.0200582        0.0678507        0.0785437        0.1021001        0.1121227
     15.4783668        0.0646063        0.0262694        0.0202319        0.0684382        0.0792238        0.1029842        0.1130936
     15.5393053        0.0643529        0.0230176        0.0204043        0.0690215        0.0798991        0.1038620        0.1140575
     15.6002438        0.0641016        0.0192012        0.0205720        0.0695886        0.0805555        0.1047153        0.1149946
     15.6611822        0.0638521        0.0188899        0.0207296        0.0701217        0.0811726        0.1055175        0.1158755
     15.7221207        0.0636047        0.0201078        0.0208699        0.0705963        0.0817220        0.1062316        0.1166597
     15.7830591        0.0633591        0.0195690        0.0209835        0.0709807        0.0821670        0.1068100        0.1172950
     15.8439976        0.0631154        0.0178494        0.0210594        0.0712373        0.0824640        0.1071962        0.1177190
     15.9049360        0.0628736        0.0159609        0.0210854        0.0713253        0.0825659        0.1073287        0.1178646
     15.9658745        0.0626336        0.0133372        0.0210501        0.0712061        0.0824279        0.1071492        0.1176675
     16.0268129        0.0623954        0.0111357        0.0209448        0.0708498        0.0820155        0.1066131        0.1170787
     16.0877514        0.0621591        0.0120298        0.0207655        0.0702433        0.0813133        0.1057004        0.1160764
     16.1486898        0.0619245        0.0158350        0.0205153        0.0693967        0.0803334        0.1044265        0.1146775
     16.2096283        0.0616917        0.0208404        0.0202051        0.0683476        0.0791190        0.1028479        0.1129439
     16.2705667        0.0614607        0.0275426        0.0198540        0.0671599        0.0777441        0.1010607        0.1109813
     16.3315052        0.0612313        0.0349992        0.0194872        0.0659190        0.0763076        0.0991933        0.1089306
     16.3924436        0.0610037        0.0373924        0.0191333        0.0647220        0.0749220        0.0973922        0.1069527
     16.4533821        0.0607778        0.0315893        0.0188215        0.0636675        0.0737012        0.0958053        0.1052100
     16.5143205        0.0605535        0.0245736        0.0185780        0.0628436        0.0727475        0.0945655        0.1038485
     16.5752590        0.0603309        0.0237495        0.0184231        0.0623198        0.0721411        0.0937773        0.1029829
     16.6361974        0.0601099        0.0251978        0.0183700        0.0621401        0.0719332        0.0935070        0.1026861
