240.774	638.1
240.782	692.5
240.791	672.7
240.800	575.5
240.809	549.3
240.818	606.8
240.826	637.1
240.830	615.2
240.833	871.1
240.837	925.6
240.840	844.9
240.844	858.9
240.848	951.6
240.851	1206
240.855	1228.1
240.858	1297.9
240.862	962.1
240.865	773
240.869	927
240.872	724.8
240.876	719.6
240.879	732.5
240.883	824
240.886	882.6
240.890	837.9
240.893	712.3
240.897	707.9
240.900	659.8
240.904	627.5
240.907	642.3
240.911	668.5
240.914	579.7
240.918	623.5
240.921	665.3
240.925	641.3
240.929	620.4
240.932	631.8
240.941	793.7
240.950	786.6
240.958	878.4
240.967	1076.3
240.976	1468.6
240.985	1026
240.994	743.7
241.002	895.2
241.011	931.8
241.020	1103.6
241.029	1685
241.038	1303.4
241.046	1748.7
241.055	928.9
241.064	1595.1
241.073	1020.7
241.082	940.1
241.091	946.6
241.099	946.5
241.108	1001
241.117	765.7
241.126	767.8
241.135	687.3
241.152	729.1
241.161	625.6
241.170	662.2
241.179	840.3
241.187	530.6
241.196	617.2
241.205	817.8
241.214	719.2
241.223	668.5
241.231	821
241.240	891.4
241.249	1190.3
241.258	1497.9
241.267	1091.7
241.275	984.6
241.302	1206.1
241.311	1159.7
241.319	1013.5
241.328	952.8
241.337	974.1
241.341	861.8
241.344	1065.7
241.348	938.2
241.351	881.6
241.355	945.5
241.358	1048.3
241.362	1422.6
241.365	1364.1
241.369	1432.9
241.372	1403.7
241.376	1359.9
241.379	1346.3
241.383	1687
241.386	1764.4
241.390	1487.5
241.393	1488.5
241.397	1676.6
241.400	1593
241.404	1431
241.407	1994.4
241.411	2181.9
241.415	2519
241.418	1716.3
241.422	1354.7
241.425	1637.9
241.429	1619.2
241.434	1765.4
241.439	1648.4
241.444	1606.6
241.449	1818.7
241.454	1691.2
241.459	1835.5
241.464	1908.6
241.469	1418.5
241.474	1458.2
241.479	1667.2
241.484	1475.9
241.489	1198.9
241.494	1647.3
241.499	1872
241.504	1695.4
241.509	1503.1
241.514	1617
241.519	1524
241.524	1517.7
241.529	1344.1
241.534	1213.5
241.539	1440.4
241.544	1440.4
241.549	1319.5
241.562	1136.9
241.574	1004.3
241.587	1284.6
241.599	1037.3
241.612	941.3
241.624	1083.6
241.637	1259.5
241.649	1127.6
241.662	1309.8
241.667	1780.1
241.672	1484.3
241.677	1550.1
241.682	1729.9
241.687	1696.5
241.699	1164.3
241.712	972.8
241.724	1211.5
241.737	1947.3
241.747	2208.8
241.752	2151.3
241.757	2096.1
241.762	2012.2
241.767	2387.6
241.772	2471.9
241.777	2741.1
241.782	1847
241.787	1553.3
241.799	894.3
241.812	1600.4
241.824	1622.3
241.838	1099.6
241.852	2109
241.867	1877.6
241.882	2276.4
241.896	2058
241.911	2826.9
241.926	2292.1
241.940	1646.5
241.955	1690.3
241.970	2796.7
241.984	1874.5
241.999	1972.1
242.014	2320.4
242.028	2623
242.043	2050.6
242.058	2615.7
242.072	2343.6
242.087	2561.8
242.102	2718.2
242.117	2400.6
242.131	2284.2
242.146	3056.2
242.161	2986.3
242.166	2995.8
242.172	2464
242.178	1819.8
242.184	1676.2
242.190	2747.5
242.196	2512.4
242.202	2640.3
242.207	2970.5
242.213	2302.5
242.219	2437.3
242.234	3219.6
242.248	3116
242.261	3064.6
242.275	3040.7
242.288	2745.5
242.302	2334
242.307	2298.1
242.312	2406.8
242.318	2795.8
242.323	2523.3
242.329	2848
242.334	3283.9
242.339	3538.8
242.345	3370.3
242.350	2658.3
242.356	2578.6
242.361	2084.7
242.366	2412.7
242.372	2136.2
242.377	2410
242.383	2233.5
242.388	2309
242.393	2909
242.399	2119.7
242.404	2293.1
242.410	2547.9
242.415	2214.9
242.420	2170.7
242.426	2484.2
242.431	2744.2
242.437	2461.1
242.442	2984.1
242.456	3105.5
242.469	2680.2
242.483	2887.7
242.496	2752.5
242.510	2508.2
242.523	2026.1
242.537	2559.5
242.550	1983.3
242.564	3131.6
242.577	2790.1
242.591	2721
242.604	2778.9
242.618	3332.1
242.631	3056.6
242.646	3314.9
242.665	3438.9
242.685	3573.6
242.704	2872.1
242.724	2810.4
242.743	2374
242.763	2289.5
242.782	2325.5
242.801	2292.2
242.821	2734.3
242.840	2599.1
242.860	2149.3
242.879	1673.7
242.899	1942.7
242.918	1923
242.938	1586.9
242.957	1622.4
242.977	2265.5
242.996	2336.1
243.016	2559.6
243.035	2107.5
243.052	2203.9
243.063	3229.1
243.075	1648.4
243.087	1243.8
243.099	1563.3
243.110	1839.8
243.122	2385.9
243.127	774.1
243.139	914.3
243.150	751.1
243.162	813.8
243.174	1279.5
243.186	2347.4
243.198	1302.5
243.209	1211.9
243.221	1292
243.233	1127.7
243.245	821.3
243.254	879.9
243.263	853.7
243.271	1306.6
243.280	1119.4
243.288	1364.1
243.297	1425.3
243.305	1327.4
243.313	1816.6
243.389	1900.1
243.398	2023.7
243.406	1670.4
243.411	1758.1
243.420	1078.4
243.428	1138.3
243.432	1255.3
243.435	1416.4
243.438	1896.2
243.442	2222.3
243.445	1506.2
243.448	1402.8
243.452	1252.3
243.457	1149.8
243.463	1563.7
243.468	1511.5
243.473	1509.4
243.479	1822.9
243.484	1837.7
243.490	1861.7
243.495	1825.1
243.500	2058.2
243.506	2128.5
243.511	1980.9
243.517	1822.1
243.522	1628.6
243.527	1569
243.533	1481.2
243.538	1388.2
243.544	1599.3
243.549	1640
243.554	1616
243.560	1289.7
243.565	1259.6
243.571	1393.4
243.576	1326.5
243.581	1535.6
243.587	1379.8
243.592	1700.8
243.598	1419.5
243.603	1428.9
243.608	1230.5
243.614	1473.9
243.619	1466.6
243.625	1605.6
243.630	1246
243.635	1048.4
243.641	1113.8
243.646	1138.8
243.652	1070.3
243.657	1007.7
243.662	1047.5
243.668	1057.8
243.673	1101.2
243.679	969.8
243.684	932.8
243.689	792.9
243.695	912.1
243.700	1229.1
243.706	1233.9
243.711	1450.8
243.716	1353.8
243.722	1307.8
243.727	1493.7
243.733	1641.2
243.738	1586.8
243.743	1698.6
243.749	1549.2
243.754	1927.6
243.760	1659.8
243.765	1374.6
243.770	1450.9
243.776	1472
243.781	1546.1
243.787	1444.6
243.792	1565.8
243.797	1228.3
243.803	1393.4
243.808	1202.1
243.814	989.7
243.819	1076.6
243.824	942.8
243.830	1136
243.835	1255.4
243.841	1060.7
243.846	1140.4
243.851	1076.6
243.857	1036.7
243.862	1406.9
243.866	1187.2
243.871	1334.8
243.876	1033.7
243.881	1345.2
243.885	1231.3
243.890	1259.5
243.895	1221.8
243.900	1310.8
243.904	1256.4
243.909	1229.2
243.914	1211.5
243.919	1128.9
243.924	1188.5
243.928	1003.3
243.933	1048.4
243.938	1118.4
243.943	855.2
243.947	911.6
243.952	605
243.957	656
243.962	712.8
243.966	687.5
243.971	986.3
243.976	1021.1
243.981	1006.5
243.985	993.8
243.990	1003.5
243.995	1038.9
244.000	1067.3
244.005	1357.9
244.009	1475.9
244.014	1014.1
244.019	931.5
244.024	1517.7
244.028	1518.8
244.033	1617.1
244.038	1713.2
244.043	1540.8
244.047	1663.1
244.052	1856.4
244.057	1962
244.062	2010.3
244.066	1823.1
244.071	2098.2
244.076	1821.1
244.081	1872.2
244.086	1896.2
244.090	1929.9
244.095	2117.1
244.100	2096.1
244.105	2150.3
244.109	2524.7
244.121	2564.7
244.133	1416.4
244.138	3378.4
244.143	3694.9
244.147	4280.1
244.152	4421.4
244.157	4962.6
244.162	4583.3
244.167	2506.2
244.171	2661.6
244.176	2729.8
244.181	2564.9
244.186	3315.8
244.190	3721.2
244.195	4181.7
244.200	3426.7
244.205	3225.8
244.209	3552.4
244.214	4489.7
244.219	6142.4
244.224	6143.3
244.228	6230.5
244.233	5143.2
244.238	3585.2
244.243	3709.5
244.248	2721.3
244.252	2929.6
244.257	2748.4
244.262	3080.3
244.267	3399.7
244.273	2906.5
244.278	2920
244.281	3797.1
244.286	4409.8
244.289	4493.8
244.292	6093
244.294	6280.3
244.297	5637.6
244.300	5667.9
244.302	5253.4
244.305	4628.3
244.308	4788.6
244.310	4543.3
244.313	4799
244.316	5395.7
244.319	5389.3
244.321	5188.4
244.324	4793.8
244.327	4917.8
244.329	4890.7
244.332	5172.1
244.335	5121.2
244.337	5617.4
244.340	5755.6
244.343	6235.4
244.346	6715.3
244.348	7002.3
244.351	5717.5
244.354	5272.3
244.356	5125.4
244.359	4919.6
244.362	4456.1
244.364	7083.9
244.367	6875.3
244.370	5750.2
244.373	6395.4
244.375	5988.7
244.378	4796.9
244.381	4895
244.383	4634.6
244.386	4612.9
244.389	4299
244.391	4278.1
244.394	4968.4
244.397	4574.9
244.400	4515.3
244.402	4231.8
244.405	3940.9
244.408	3970.5
244.410	3779.6
244.413	3561.3
244.416	3985.7
244.418	4116.8
244.421	3946.6
244.424	3930.2
244.427	4051.3
244.429	4027.3
244.432	4070.1
244.435	4492.1
244.437	4369.5
244.440	4666
244.443	4850.4
244.445	4952
244.448	4824
244.451	4309.8
244.454	3932
244.456	3701.6
244.459	3747.5
244.462	3729
244.464	3843.6
244.467	4055.5
244.470	4251.6
244.472	4208.6
244.475	4675.3
244.478	4265.9
244.481	3942.1
244.483	4061.2
244.486	4263.2
244.489	4568.2
244.491	4717.2
244.494	4730.8
244.497	3722.5
244.499	3874.7
244.502	4661.9
244.505	4507.8
244.508	4650.5
244.510	4649.7
244.513	4428.9
244.516	4242.5
244.518	4056.7
244.521	3983.3
244.524	3785.8
244.526	4662.7
244.529	4527.6
244.532	4072.3
244.535	4041.8
244.537	4035.5
244.540	4259
244.543	5439.8
244.545	5973.3
244.548	3163.1
244.551	2677.6
244.553	2699.6
244.556	2779.1
244.559	2629.5
244.562	2852.3
244.564	2655.6
244.567	2382.4
244.570	2378.2
244.572	2845
244.575	2921.3
244.578	3029.2
244.580	3169.6
244.583	4712
244.586	5673.3
244.589	6582.1
244.591	6746.7
244.594	5868
244.597	4336.7
244.599	4718.5
244.602	4955.2
244.605	4774.8
244.607	3902.1
244.610	3965.5
244.613	4358.8
244.616	4371.4
244.618	3454
244.621	3742.3
244.624	3697.3
244.626	3662
244.629	3838.4
244.632	4222.4
244.634	4586.3
244.637	4572.8
244.640	4536.1
244.643	4834.8
244.645	5486.1
244.648	5974.9
244.651	7400.3
244.653	6179.2
244.656	4597.9
244.659	3992.8
244.661	3604.2
244.664	3372.2
244.667	3126.3
244.669	3202.6
244.672	3009.1
244.674	2811.4
244.676	2787.3
244.679	3048.8
244.681	3442.3
244.684	3517.9
244.688	3418.7
244.693	3708.9
244.698	3849
244.703	3992.7
244.707	4126.4
244.712	3871
244.717	3950.3
244.722	3361.1
244.726	2825.2
244.731	4248.8
244.736	4323.2
244.741	4357.7
244.745	4022.9
244.750	3555.8
244.755	3653.7
244.760	3757
244.765	3266.6
244.769	3522.4
244.774	3869.9
244.779	3847.9
244.784	4285.5
244.788	4627.8
244.793	3736.1
244.798	3819.8
244.803	2735.8
244.807	2079.6
244.812	2116.1
244.817	1955
244.822	3542.9
244.826	3463.4
244.831	3265.4
244.836	3012.3
244.841	3166.2
244.846	2280.9
244.850	3276.1
244.862	2714
244.874	2751.4
244.886	3120.1
244.898	2767.3
244.910	3547.7
244.922	3083.6
244.934	3140.9
244.946	3081.3
244.948	3421.6
244.953	2479.2
244.957	2304.4
244.969	1831.4
244.972	2518.8
244.977	2161.9
244.981	2375.5
244.986	2453.3
244.991	2952.4
244.996	2418.6
245.000	1849.2
245.005	1972.6
245.017	2175.7
245.022	2230
245.029	2482.3
245.034	2560.3
245.041	2279.8
245.046	2714.6
245.053	2055.4
245.058	2378.5
245.065	2838.5
245.069	2361.7
245.076	2045.8
245.080	2218.8
245.086	2619.6
245.091	2811.3
245.097	2247.1
245.101	1864.8
245.107	2020.9
245.111	1366.2
245.118	2154.9
245.122	1664.1
245.128	2249.1
245.132	1975.8
245.139	1918.4
245.143	1721.7
245.149	2095.3
245.153	2058
245.160	3062.7
245.164	1734.4
245.170	2257.7
245.174	2259.5
245.180	1971.5
245.185	2306.9
245.191	2576.4
245.195	1604.5
245.201	1743.6
245.205	1461.3
245.210	1833.6
245.214	1830.3
245.216	1582.6
245.218	2012.5
245.222	1939.1
245.226	1281.6
245.230	1368.3
245.235	1294.1
245.237	1596.4
245.239	1682.9
245.243	1849.1
245.247	1962.2
245.251	1563.8
245.256	1413.3
245.260	1269
245.264	1076.8
245.268	881.2
245.272	876.9
245.276	862.2
245.281	917.7
245.285	963.7
245.289	1105
245.293	871.7
245.297	813
245.301	927.1
245.306	888.5
245.310	1259.6
245.314	1025.6
245.318	993.1
245.322	1339.1
245.327	1794.9
245.331	1795.8
245.352	1084
245.356	1034.9
245.360	1068.4
245.364	1182.3
245.368	1349.5
245.372	1309.8
245.377	1285.8
245.381	1214.7
245.385	1296.2
245.389	1165.5
245.393	1329.6
245.397	1490.6
245.404	1582.5
245.408	1738.2
245.414	1508.4
245.418	1457.2
245.423	1455.1
245.425	1346.4
245.427	1398.6
245.431	1541.8
245.435	1626.4
245.446	1525.1
245.456	1772.8
245.460	1770.7
245.464	1428.9
245.468	1399.7
245.473	1332.8
245.477	1443.5
245.482	1401.7
245.487	1556.4
245.491	1871
245.496	3073.7
245.501	2491.3
245.506	2371.5
245.511	2333.9
245.516	2248.8
245.521	2291
245.526	2594.2
245.531	2496.9
245.535	2345.6
245.540	2728.3
245.545	3202.9
245.550	2800.6
245.555	2516.4
245.560	2660.5
245.565	2587
245.570	3219.5
245.574	3024.9
245.579	2987.2
245.584	2811.2
245.589	2909.8
245.594	2642.6
245.599	2532.1
245.604	2466.7
245.609	1830.3
245.613	1777
245.618	2351.3
245.623	2821.1
245.628	2417.9
245.633	1817.7
245.638	1842.8
245.643	1912.8
245.648	1740.4
245.652	1665.1
245.657	1495.8
245.662	1766.5
245.667	1519.8
245.672	1610.7
245.677	1606.6
245.682	1689.1
245.687	1677.7
245.692	1673.5
245.696	1750.8
245.701	2164.1
245.706	2338.9
245.711	2043.9
245.716	1869.3
245.718	2226.8
245.721	2390.5
245.723	2267.8
245.726	2385.4
245.728	2136.7
245.731	2027.1
245.733	2191.3
245.735	2209.3
245.738	2044.8
245.740	2406
245.745	2336
245.750	2641.1
245.755	2562.4
245.760	2232.2
245.765	2205.1
245.770	2158.9
245.774	2330.2
245.779	2329.5
245.784	1913.9
245.789	1681.8
245.794	1606.6
245.799	1594
245.804	2414.7
245.809	2572
245.814	2364.2
245.818	2676.6
245.823	2508.7
245.828	1943.3
245.833	2394.7
245.838	1740.3
245.843	1864.9
245.848	1806.4
245.853	2021.7
245.857	2033.1
245.862	1530.3
245.867	1644.3
245.872	1797.8
245.877	1645.2
245.882	1757.1
245.887	1749.7
245.893	1812.5
245.898	1886.7
245.903	1602.5
245.909	1702.7
245.914	1787.4
245.920	1707.9
245.925	1927.5
245.930	2312
245.936	2307.6
245.941	2194.4
245.984	2137.8
245.987	2240.4
245.990	1980.7
245.993	1778
245.995	1622.3
245.998	1735.1
246.001	2109.5
246.003	2201.7
246.006	2183.6
246.009	2092
246.011	2130.6
246.014	2105.4
246.017	2148.2
246.020	1999.6
246.022	1970.4
246.028	1954.6
246.033	1730
246.038	1702.7
246.044	1595.1
246.049	1683
246.052	2091.6
246.055	1733
246.057	1799
246.060	2241.4
246.063	1961.1
246.065	1899.4
246.068	1895.1
246.071	2010
246.076	2223.7
246.082	2771.2
246.087	3024.3
246.092	2409.6
246.098	1767.5
246.103	1809.3
246.109	1681.8
246.114	1739.3
246.119	2303.1
246.125	2223.5
246.130	2294.8
246.136	2290.6
246.141	2904
246.146	2885
246.152	2761.5
246.157	2624.1
246.163	2791.9
246.168	3306.3
246.173	2614.2
246.179	3056
246.184	1902.4
246.190	2022.7
246.195	2477.2
246.200	2230.8
246.206	2125.1
246.211	2164.8
246.217	2219.4
246.222	1945.2
246.227	1933.9
246.233	3029.8
246.238	2490.8
246.244	2226.8
246.249	1919.2
246.254	1872.1
246.260	2204.7
246.265	2135.7
246.271	2314.6
246.276	1706.9
246.281	1625.4
246.287	1794.7
246.292	1716.4
246.297	1689.1
246.302	1694.4
246.307	1581.5
246.312	1838.6
246.316	1995.4
246.321	1988.3
246.326	2577.8
246.331	2292.5
246.336	2377.6
246.341	2574.8
246.346	1800
246.351	2092.9
246.356	2062.5
246.361	2201.8
246.366	2305.5
246.371	2374.6
246.376	2029.1
246.381	1588.8
246.386	1674.5
246.391	1565.9
246.395	2095.8
246.400	3213
246.405	2587.6
246.410	2038.5
246.415	1925.5
246.420	1949.5
246.425	2293
246.430	1610.8
246.435	1689.1
246.440	1642.3
246.445	1789.5
246.450	1683.9
246.455	1831.3
246.460	1667.2
246.465	1573.2
246.470	2054
246.475	2393.3
246.479	1751.8
246.484	1615
246.489	1694.4
246.494	2049.8
246.499	1711.2
246.504	1868.9
246.509	1994.5
246.514	2030
246.519	2045.5
246.524	1915.9
246.529	2149.3
246.534	2222.8
246.539	2524.5
246.544	2453.3
246.549	2212.3
246.554	2368.2
246.615	2427.4
246.618	2481.8
246.623	2498.6
246.628	2705
246.633	3107.5
246.638	2869.7
246.642	3104.3
246.647	3320.8
246.652	3416.1
246.657	3402.4
246.662	3365
246.667	3565.9
246.672	2749.2
246.677	2517.8
246.682	2346
246.687	2456
246.692	2870.6
246.697	3088.4
246.702	2210.9
246.707	2316.1
246.712	2016.3
246.717	2014.2
246.721	2555.7
246.726	2479.2
246.731	3344.9
246.736	3599.3
246.741	3452.7
246.746	2737.4
246.751	3422.4
246.756	2942.1
246.761	3138.8
246.766	3287.4
246.771	3254
246.776	3161.9
246.781	2584.6
246.786	2343.2
246.791	2267.9
246.796	1949.4
246.800	2310.2
246.805	2347.2
246.810	2049.1
246.815	2101.3
246.820	2032
246.825	1834.6
246.830	1942.4
246.835	1572.1
246.840	1280.5
246.845	1600.3
246.850	2932.7
246.855	1983.9
246.860	1991.4
246.865	1583.6
246.870	1549.1
246.875	1896.1
246.880	2119.8
246.884	2293.5
246.889	1920.1
246.894	1735.2
246.899	1813.5
246.904	1705.9
246.909	1842.9
246.914	1862.7
246.919	1963
246.924	2257.5
246.929	1966.2
246.934	1931.7
246.939	1960
246.944	2099.1
246.949	2103.3
246.954	2129.5
246.959	2058.3
246.963	1974.8
246.968	2072.8
246.973	1842.7
246.978	2193
246.983	1828.2
246.988	1650.5
246.993	1635.9
246.998	2839.4
247.003	1908.7
247.008	1982.7
247.013	1471.8
247.018	1593
247.023	1737.2
247.028	1952.5
247.033	1629.5
247.038	2080.2
247.043	2317.7
247.047	1968.2
247.052	2125.1