   2.4684250e+05   2.0141000e+03
   2.4684290e+05   2.2191000e+03
   2.4684330e+05   1.9012000e+03
   2.4684370e+05   1.7905000e+03
   2.4684420e+05   1.9806000e+03
   2.4684460e+05   1.8072000e+03
   2.4684500e+05   1.6766000e+03
   2.4684550e+05   1.7110000e+03
   2.4684590e+05   1.6693000e+03
   2.4684630e+05   1.9064000e+03
   2.4684680e+05   1.7131000e+03
   2.4684720e+05   1.7706000e+03
   2.4684760e+05   1.8542000e+03
   2.4684810e+05   1.7048000e+03
   2.4684850e+05   1.8783000e+03
   2.4684890e+05   2.5406000e+03
   2.4684930e+05   1.9503000e+03
   2.4684980e+05   1.8877000e+03
   2.4685020e+05   2.0549000e+03
   2.4685060e+05   2.0193000e+03
   2.4685110e+05   2.3028000e+03
   2.4685150e+05   1.9984000e+03
   2.4685190e+05   2.0028000e+03
   2.4685240e+05   2.1103000e+03
   2.4685280e+05   1.8887000e+03
   2.4685320e+05   2.0246000e+03
   2.4685370e+05   2.0194000e+03
   2.4685410e+05   1.7006000e+03
   2.4685450e+05   1.7027000e+03
   2.4685490e+05   1.6431000e+03
   2.4685540e+05   1.5240000e+03
   2.4685580e+05   1.5595000e+03
   2.4685620e+05   1.2804000e+03
   2.4685670e+05   1.2951000e+03
   2.4685710e+05   1.1086000e+03
   2.4685750e+05   1.0846000e+03
   2.4685800e+05   1.0751000e+03
   2.4685840e+05   1.0783000e+03
   2.4685880e+05   1.1073000e+03
   2.4685930e+05   1.0466000e+03
   2.4685970e+05   1.2153000e+03
   2.4686010e+05   1.1661000e+03
   2.4686060e+05   1.0478000e+03
   2.4686100e+05   9.6300000e+02
   2.4686140e+05   1.0154000e+03
   2.4686180e+05   1.1944000e+03
   2.4686230e+05   1.2813000e+03
   2.4686270e+05   1.1757000e+03
   2.4686310e+05   1.3451000e+03
   2.4686360e+05   1.2563000e+03
   2.4686400e+05   1.3463000e+03
   2.4686440e+05   1.4205000e+03
   2.4686490e+05   1.3933000e+03
   2.4686530e+05   1.4268000e+03
   2.4686570e+05   1.4603000e+03
   2.4686620e+05   1.4634000e+03
   2.4686660e+05   1.5836000e+03
   2.4686700e+05   1.5930000e+03
   2.4686740e+05   1.3883000e+03
   2.4686790e+05   1.4989000e+03
   2.4686830e+05   1.4300000e+03
   2.4686870e+05   1.5188000e+03
   2.4686920e+05   1.6536000e+03
   2.4686960e+05   1.6891000e+03
   2.4687000e+05   1.2812000e+03
   2.4687050e+05   1.2822000e+03
   2.4687090e+05   1.3295000e+03
   2.4687130e+05   1.3629000e+03
   2.4687180e+05   1.2457000e+03
   2.4687220e+05   1.2206000e+03
   2.4687260e+05   1.1956000e+03
   2.4687300e+05   1.3398000e+03
   2.4687350e+05   1.2656000e+03
   2.4687390e+05   1.2970000e+03
   2.4687430e+05   1.2258000e+03
   2.4687480e+05   1.2164000e+03
   2.4687520e+05   1.3346000e+03
   2.4687560e+05   1.3179000e+03
   2.4687610e+05   1.2762000e+03
   2.4687650e+05   1.3420000e+03
   2.4687690e+05   1.3484000e+03
   2.4687740e+05   1.4403000e+03
   2.4687780e+05   1.4205000e+03
   2.4687820e+05   1.3850000e+03
   2.4687860e+05   1.4519000e+03
   2.4687910e+05   1.4905000e+03
   2.4687950e+05   1.5449000e+03
   2.4687990e+05   1.4717000e+03
   2.4688040e+05   1.6086000e+03
   2.4688080e+05   1.6860000e+03
   2.4688120e+05   1.8856000e+03
   2.4688170e+05   1.8605000e+03
   2.4688210e+05   1.6671000e+03
   2.4688250e+05   2.0549000e+03
   2.4688300e+05   1.8375000e+03
   2.4688340e+05   1.7299000e+03
   2.4688380e+05   1.3568000e+03
   2.4688420e+05   1.2761000e+03
   2.4688470e+05   1.2081000e+03
   2.4688510e+05   1.3461000e+03
   2.4688550e+05   1.1432000e+03
   2.4688600e+05   1.1756000e+03
   2.4688640e+05   1.1170000e+03
   2.4688680e+05   1.1629000e+03
   2.4688730e+05   1.0439000e+03
   2.4688770e+05   1.0793000e+03
   2.4688810e+05   1.1369000e+03
   2.4688860e+05   1.2025000e+03
   2.4688900e+05   1.0562000e+03
   2.4688940e+05   1.1272000e+03
   2.4688980e+05   1.0466000e+03
   2.4689030e+05   1.0386000e+03
   2.4689070e+05   1.1011000e+03
   2.4689110e+05   1.0561000e+03
   2.4689160e+05   1.0614000e+03
   2.4689200e+05   1.0521000e+03
   2.4689240e+05   1.0427000e+03
   2.4689290e+05   1.1106000e+03
   2.4689330e+05   1.1439000e+03
   2.4689370e+05   1.2049000e+03
   2.4689420e+05   1.2875000e+03
   2.4689460e+05   1.2163000e+03
   2.4689500e+05   1.2312000e+03
   2.4689540e+05   1.2593000e+03
   2.4689590e+05   1.3136000e+03
   2.4689630e+05   1.3209000e+03
   2.4689670e+05   1.3577000e+03
   2.4689720e+05   1.2969000e+03
   2.4689760e+05   1.2571000e+03
   2.4689800e+05   1.2375000e+03
   2.4689850e+05   1.2907000e+03
   2.4689890e+05   1.3043000e+03
   2.4689930e+05   1.2687000e+03
   2.4689980e+05   1.3200000e+03
   2.4690020e+05   1.3306000e+03
   2.4690060e+05   1.5689000e+03
   2.4690110e+05   1.7508000e+03
   2.4690150e+05   1.6232000e+03
   2.4690190e+05   1.6463000e+03
   2.4690230e+05   1.7988000e+03
   2.4690280e+05   1.6922000e+03
   2.4690320e+05   1.6922000e+03
   2.4690360e+05   1.4979000e+03
   2.4690410e+05   1.5888000e+03
   2.4690450e+05   1.6860000e+03
   2.4690490e+05   1.6557000e+03
   2.4690540e+05   1.5941000e+03
   2.4690580e+05   1.7142000e+03
   2.4690620e+05   1.5501000e+03
   2.4690670e+05   1.6389000e+03
   2.4690710e+05   1.6797000e+03
   2.4690750e+05   1.4864000e+03
   2.4690790e+05   1.4174000e+03
   2.4690840e+05   1.2417000e+03
   2.4690880e+05   1.2929000e+03
   2.4690920e+05   1.3556000e+03
   2.4690970e+05   1.3746000e+03
   2.4691010e+05   1.4257000e+03
   2.4691050e+05   1.4539000e+03
   2.4691100e+05   1.3515000e+03
   2.4691140e+05   1.3860000e+03
   2.4691180e+05   1.4236000e+03
   2.4691230e+05   1.3672000e+03
   2.4691270e+05   1.2951000e+03
   2.4691310e+05   1.3858000e+03
   2.4691350e+05   1.4079000e+03
   2.4691400e+05   1.3986000e+03
   2.4691440e+05   1.3975000e+03
   2.4691480e+05   1.3766000e+03
   2.4691530e+05   1.3221000e+03
   2.4691570e+05   1.4068000e+03
   2.4691610e+05   1.4341000e+03
   2.4691660e+05   1.3690000e+03
   2.4691700e+05   1.3011000e+03
   2.4691740e+05   1.3097000e+03
   2.4691790e+05   1.4747000e+03
   2.4691830e+05   1.3975000e+03
   2.4691870e+05   1.4120000e+03
   2.4691910e+05   1.3703000e+03
   2.4691960e+05   1.3796000e+03
   2.4692000e+05   1.3326000e+03
   2.4692040e+05   1.3294000e+03
   2.4692090e+05   1.2458000e+03
   2.4692130e+05   1.2562000e+03
   2.4692170e+05   1.2876000e+03
   2.4692220e+05   1.2466000e+03
   2.4692260e+05   1.3293000e+03
   2.4692300e+05   1.4078000e+03
   2.4692350e+05   1.3544000e+03
   2.4692390e+05   1.2700000e+03
   2.4692430e+05   1.1758000e+03
   2.4692470e+05   1.3137000e+03
   2.4692520e+05   1.3357000e+03
   2.4692560e+05   1.2448000e+03
   2.4692600e+05   1.2854000e+03
   2.4692650e+05   1.2948000e+03
   2.4692690e+05   1.3138000e+03
   2.4692730e+05   1.2898000e+03
   2.4692780e+05   1.2833000e+03
   2.4692820e+05   1.3578000e+03
   2.4692860e+05   1.4276000e+03
   2.4692910e+05   1.4695000e+03
   2.4692950e+05   1.4831000e+03
   2.4692990e+05   1.4393000e+03
   2.4693030e+05   1.3514000e+03
   2.4693080e+05   1.5741000e+03
   2.4693120e+05   1.4037000e+03
   2.4693160e+05   1.2124000e+03
   2.4693210e+05   1.3798000e+03
   2.4693250e+05   1.3526000e+03
   2.4693290e+05   1.5491000e+03
   2.4693340e+05   1.5721000e+03
   2.4693380e+05   1.7591000e+03
   2.4693420e+05   1.5062000e+03
   2.4693470e+05   1.5574000e+03
   2.4693510e+05   1.4738000e+03
   2.4693550e+05   1.5292000e+03
   2.4693590e+05   1.5073000e+03
   2.4693640e+05   1.5397000e+03
   2.4693680e+05   1.6975000e+03
   2.4693720e+05   1.6358000e+03
   2.4693770e+05   1.6536000e+03
   2.4693810e+05   1.5982000e+03
   2.4693850e+05   1.6066000e+03
   2.4693900e+05   1.6630000e+03
   2.4693940e+05   1.6045000e+03
   2.4693980e+05   1.6525000e+03
   2.4694030e+05   1.5637000e+03
   2.4694070e+05   1.6139000e+03
   2.4694110e+05   1.5658000e+03
   2.4694160e+05   1.5324000e+03
   2.4694200e+05   1.5647000e+03
   2.4694240e+05   1.4916000e+03
   2.4694280e+05   1.6964000e+03
   2.4694330e+05   1.5564000e+03
   2.4694370e+05   1.6661000e+03
   2.4694410e+05   1.7267000e+03
   2.4694460e+05   1.7152000e+03
   2.4694500e+05   1.6954000e+03
   2.4694540e+05   1.6317000e+03
   2.4694590e+05   1.8020000e+03
   2.4694630e+05   1.8532000e+03
   2.4694670e+05   1.6839000e+03
   2.4694720e+05   1.6254000e+03
   2.4694760e+05   1.6170000e+03
   2.4694800e+05   1.5397000e+03
   2.4694840e+05   1.6922000e+03
   2.4694890e+05   1.6452000e+03
   2.4694930e+05   1.7424000e+03
   2.4694970e+05   1.6442000e+03
   2.4695020e+05   1.7790000e+03
   2.4695060e+05   1.8135000e+03
   2.4695100e+05   1.8197000e+03
   2.4695150e+05   1.8009000e+03
   2.4695190e+05   1.7539000e+03
   2.4695230e+05   1.6985000e+03
   2.4695280e+05   1.7831000e+03
   2.4695320e+05   1.7706000e+03
   2.4695360e+05   1.9587000e+03
   2.4695400e+05   1.8741000e+03
   2.4695450e+05   1.8866000e+03
   2.4695490e+05   1.7915000e+03
   2.4695530e+05   1.7748000e+03
   2.4695580e+05   1.8375000e+03
   2.4695620e+05   1.9671000e+03
   2.4695660e+05   1.9169000e+03
   2.4695710e+05   1.8563000e+03
   2.4695750e+05   1.8270000e+03
   2.4695790e+05   1.7518000e+03
   2.4695840e+05   1.7988000e+03
   2.4695880e+05   1.8365000e+03
   2.4695920e+05   1.7978000e+03
   2.4695960e+05   2.0538000e+03
   2.4696010e+05   1.9869000e+03
   2.4696050e+05   1.7455000e+03
   2.4696090e+05   1.9148000e+03
   2.4696140e+05   1.8051000e+03
   2.4696180e+05   1.7758000e+03
   2.4696220e+05   2.2651000e+03
   2.4696270e+05   1.9263000e+03
   2.4696310e+05   1.8417000e+03
   2.4696350e+05   1.8835000e+03
   2.4696400e+05   2.2316000e+03
   2.4696440e+05   2.2273000e+03
   2.4696480e+05   2.2117000e+03
   2.4696520e+05   2.0988000e+03
   2.4696570e+05   2.2715000e+03
   2.4696610e+05   2.1752000e+03
   2.4696650e+05   2.1166000e+03
   2.4696700e+05   2.1605000e+03
   2.4696740e+05   2.0998000e+03
   2.4696780e+05   2.0006000e+03
   2.4696830e+05   1.9953000e+03
   2.4696870e+05   1.9399000e+03
   2.4696910e+05   2.0382000e+03
   2.4696960e+05   1.9828000e+03
   2.4697000e+05   2.1792000e+03
   2.4697040e+05   2.2170000e+03
   2.4697080e+05   2.2358000e+03
   2.4697130e+05   2.1449000e+03
   2.4697170e+05   2.1972000e+03
   2.4697210e+05   2.2828000e+03
   2.4697260e+05   2.0612000e+03
   2.4697300e+05   1.9692000e+03
   2.4697340e+05   1.9399000e+03
   2.4697390e+05   1.9263000e+03
   2.4697430e+05   1.9347000e+03
   2.4697470e+05   1.8657000e+03
   2.4697520e+05   1.9849000e+03
   2.4697560e+05   1.8918000e+03
   2.4697600e+05   1.9357000e+03
   2.4697640e+05   1.9661000e+03
   2.4697690e+05   1.8647000e+03
   2.4697730e+05   2.0747000e+03
   2.4697770e+05   2.0571000e+03
   2.4697820e+05   2.2096000e+03
   2.4697860e+05   2.3925000e+03
   2.4697900e+05   1.9734000e+03
   2.4697950e+05   2.1406000e+03
   2.4697990e+05   2.1887000e+03
   2.4698030e+05   2.1176000e+03
   2.4698080e+05   1.8804000e+03
   2.4698120e+05   1.9786000e+03
   2.4698160e+05   1.8898000e+03
   2.4698210e+05   2.0309000e+03
   2.4698250e+05   2.1689000e+03
   2.4698290e+05   2.2944000e+03
   2.4698330e+05   2.4422000e+03
   2.4698380e+05   2.8878000e+03
   2.4698420e+05   2.9103000e+03
   2.4698460e+05   2.6146000e+03
   2.4698510e+05   2.4284000e+03
   2.4698550e+05   2.5887000e+03
   2.4698590e+05   3.4014000e+03
   2.4698640e+05   3.5468000e+03
   2.4698680e+05   3.4097000e+03
   2.4698720e+05   3.7959000e+03
   2.4698770e+05   3.6953000e+03
   2.4698810e+05   3.6117000e+03
   2.4698850e+05   3.2644000e+03
   2.4698890e+05   3.7707000e+03
   2.4698940e+05   3.5123000e+03
   2.4698980e+05   3.2653000e+03
   2.4699020e+05   2.9710000e+03
   2.4699070e+05   3.1513000e+03
   2.4699110e+05   3.0520000e+03
   2.4699150e+05   3.0288000e+03
   2.4699200e+05   3.4883000e+03
   2.4699240e+05   3.1848000e+03
   2.4699280e+05   2.5913000e+03
   2.4699330e+05   2.5532000e+03
   2.4699370e+05   2.7332000e+03
   2.4699410e+05   2.6676000e+03
   2.4699450e+05   2.8632000e+03
   2.4699500e+05   2.9773000e+03
   2.4699540e+05   3.2620000e+03
   2.4699580e+05   3.1836000e+03
   2.4699630e+05   3.4527000e+03
   2.4699670e+05   2.8671000e+03
   2.4699710e+05   2.9071000e+03
   2.4699760e+05   3.1900000e+03
   2.4699800e+05   3.4548000e+03
   2.4699840e+05   3.6013000e+03
   2.4699890e+05   4.2127000e+03
   2.4699930e+05   3.3941000e+03
   2.4699970e+05   3.3261000e+03
   2.4700010e+05   3.1606000e+03
   2.4700060e+05   2.9239000e+03
   2.4700100e+05   2.8686000e+03
   2.4700140e+05   3.1952000e+03
   2.4700190e+05   3.3815000e+03
   2.4700230e+05   3.0653000e+03
   2.4700270e+05   3.3331000e+03
   2.4700320e+05   3.0990000e+03
   2.4700360e+05   3.3154000e+03
   2.4700400e+05   3.7480000e+03
   2.4700450e+05   3.4864000e+03
   2.4700490e+05   3.4075000e+03
   2.4700530e+05   2.6047000e+03
   2.4700570e+05   2.6132000e+03
   2.4700620e+05   2.6350000e+03
   2.4700660e+05   2.8934000e+03
   2.4700700e+05   3.1144000e+03
   2.4700750e+05   2.9142000e+03
   2.4700790e+05   3.0581000e+03
   2.4700830e+05   2.8652000e+03
   2.4700880e+05   3.0277000e+03
   2.4700920e+05   3.3803000e+03
   2.4700960e+05   3.1680000e+03
   2.4701010e+05   2.9414000e+03
   2.4701050e+05   3.0904000e+03
   2.4701090e+05   2.8324000e+03
   2.4701130e+05   4.0151000e+03
   2.4701180e+05   3.1376000e+03
   2.4701220e+05   3.0727000e+03
   2.4701260e+05   3.1345000e+03
   2.4701310e+05   2.6255000e+03
   2.4701350e+05   2.4947000e+03
   2.4701390e+05   2.7061000e+03
   2.4701440e+05   2.8732000e+03
   2.4701480e+05   2.8387000e+03
   2.4701520e+05   3.0715000e+03
   2.4701570e+05   2.9595000e+03
   2.4701610e+05   2.5881000e+03
   2.4701650e+05   2.6284000e+03
   2.4701690e+05   2.5562000e+03
   2.4701740e+05   2.7377000e+03
   2.4701780e+05   2.9627000e+03
   2.4701820e+05   3.2988000e+03
   2.4701870e+05   3.2599000e+03
   2.4701910e+05   3.0317000e+03
   2.4701950e+05   2.9037000e+03
   2.4702000e+05   3.0797000e+03
   2.4702040e+05   2.7587000e+03
   2.4702080e+05   2.4786000e+03
   2.4702130e+05   2.5755000e+03
   2.4702170e+05   2.4275000e+03
   2.4702210e+05   2.2965000e+03
   2.4702260e+05   2.9845000e+03
   2.4702300e+05   2.5226000e+03
   2.4702340e+05   2.4479000e+03
   2.4702380e+05   2.5543000e+03
   2.4702430e+05   2.6211000e+03
   2.4702470e+05   2.9741000e+03
   2.4702510e+05   2.6193000e+03
   2.4702560e+05   2.1573000e+03
   2.4702600e+05   1.8741000e+03
   2.4702640e+05   2.5340000e+03
   2.4702690e+05   2.1646000e+03
   2.4702730e+05   1.9033000e+03
   2.4702770e+05   1.6745000e+03
   2.4702820e+05   1.8845000e+03
   2.4702860e+05   2.0884000e+03
   2.4702900e+05   1.7142000e+03
   2.4702940e+05   1.6076000e+03
   2.4702990e+05   1.5459000e+03
   2.4703030e+05   1.5762000e+03
   2.4703070e+05   1.3912000e+03
   2.4703120e+05   1.5207000e+03
   2.4703160e+05   1.4843000e+03
   2.4703200e+05   1.5867000e+03
   2.4703250e+05   1.6421000e+03
   2.4703290e+05   1.7257000e+03
   2.4703330e+05   1.5752000e+03
   2.4703380e+05   1.6870000e+03
   2.4703420e+05   1.8030000e+03
   2.4703460e+05   1.9358000e+03
   2.4703500e+05   2.1155000e+03
   2.4703550e+05   2.1542000e+03
   2.4703590e+05   2.1061000e+03
   2.4703630e+05   2.4158000e+03
   2.4703680e+05   2.4774000e+03
   2.4703720e+05   2.1260000e+03
   2.4703760e+05   1.8950000e+03
   2.4703810e+05   1.7978000e+03
   2.4703850e+05   1.7413000e+03
   2.4703890e+05   1.5250000e+03
   2.4703940e+05   1.6546000e+03
   2.4703980e+05   1.5752000e+03
   2.4704020e+05   1.3578000e+03
   2.4704060e+05   1.3912000e+03
   2.4704110e+05   1.3672000e+03
   2.4704150e+05   1.4309000e+03
   2.4704190e+05   1.3840000e+03
   2.4704240e+05   1.5104000e+03
   2.4704280e+05   1.3441000e+03
   2.4704320e+05   1.1811000e+03
   2.4704370e+05   1.1915000e+03
   2.4704410e+05   1.1139000e+03
   2.4704450e+05   1.2028000e+03
   2.4704500e+05   1.1786000e+03
   2.4704540e+05   1.5543000e+03
   2.4704580e+05   1.4352000e+03
   2.4704620e+05   1.5543000e+03
   2.4704670e+05   1.5407000e+03
   2.4704710e+05   1.5073000e+03
   2.4704750e+05   1.7487000e+03
   2.4704800e+05   1.6097000e+03
   2.4704840e+05   1.7393000e+03
   2.4704880e+05   1.7957000e+03
   2.4704930e+05   2.2117000e+03
   2.4704970e+05   2.0905000e+03
   2.4705010e+05   1.9357000e+03
   2.4705060e+05   2.3552000e+03
   2.4705100e+05   2.5614000e+03
   2.4705140e+05   3.3207000e+03
   2.4705180e+05   3.2013000e+03
   2.4705230e+05   2.5028000e+03
   2.4705270e+05   2.2473000e+03
   2.4705310e+05   1.9775000e+03
   2.4705360e+05   2.0957000e+03
   2.4705400e+05   2.1928000e+03
   2.4705440e+05   2.4576000e+03
   2.4705490e+05   2.0966000e+03
   2.4705530e+05   1.8343000e+03
   2.4705570e+05   2.2797000e+03
   2.4705620e+05   2.6252000e+03
   2.4705660e+05   1.8824000e+03
   2.4705700e+05   2.3684000e+03
   2.4705740e+05   2.4459000e+03
   2.4705790e+05   2.0726000e+03
   2.4705830e+05   1.7549000e+03
   2.4705870e+05   1.7340000e+03
   2.4705920e+05   1.6389000e+03
   2.4705960e+05   1.6139000e+03
   2.4706000e+05   1.7048000e+03
   2.4706050e+05   1.7717000e+03
   2.4706090e+05   1.7717000e+03
   2.4706130e+05   1.7518000e+03
   2.4706180e+05   1.6640000e+03
   2.4706220e+05   1.7529000e+03
   2.4706260e+05   2.0256000e+03
   2.4706310e+05   1.8709000e+03
   2.4706350e+05   1.9483000e+03
   2.4706390e+05   2.0987000e+03
   2.4706430e+05   1.7403000e+03
   2.4706480e+05   1.6714000e+03
   2.4706520e+05   1.5626000e+03
   2.4706560e+05   1.5292000e+03
   2.4706610e+05   1.4549000e+03
   2.4706650e+05   1.7508000e+03
   2.4706690e+05   1.6421000e+03
   2.4706740e+05   1.6097000e+03
   2.4706780e+05   1.5397000e+03
   2.4706820e+05   1.3641000e+03
   2.4706870e+05   1.5041000e+03
   2.4706910e+05   1.4927000e+03
   2.4706950e+05   1.4749000e+03
   2.4706990e+05   1.5763000e+03
   2.4707040e+05   1.5826000e+03
   2.4707080e+05   1.5616000e+03
   2.4707120e+05   1.6734000e+03
   2.4707170e+05   1.7361000e+03
   2.4707210e+05   1.9054000e+03
   2.4707250e+05   1.7466000e+03
   2.4707300e+05   1.8814000e+03
   2.4707340e+05   1.7110000e+03
   2.4707380e+05   1.7403000e+03
   2.4707430e+05   2.0152000e+03
   2.4707470e+05   1.8783000e+03
   2.4707510e+05   1.7831000e+03
   2.4707550e+05   1.7749000e+03
   2.4707600e+05   1.7602000e+03
   2.4707640e+05   1.7581000e+03
   2.4707680e+05   1.6901000e+03
   2.4707730e+05   1.7455000e+03
   2.4707770e+05   1.9253000e+03
   2.4707810e+05   1.7174000e+03
   2.4707860e+05   2.2116000e+03
   2.4707900e+05   1.9441000e+03
   2.4707940e+05   2.0047000e+03
   2.4707990e+05   2.0089000e+03
   2.4708030e+05   1.7946000e+03
   2.4708070e+05   1.8427000e+03
   2.4708110e+05   1.8343000e+03
   2.4708160e+05   1.8866000e+03
   2.4708200e+05   1.8469000e+03
   2.4708240e+05   1.7727000e+03
   2.4708290e+05   1.7403000e+03
   2.4708330e+05   1.7424000e+03
   2.4708370e+05   1.5909000e+03
   2.4708420e+05   1.7100000e+03
   2.4708460e+05   1.7581000e+03
   2.4708500e+05   1.7497000e+03
   2.4708550e+05   1.8532000e+03
   2.4708590e+05   1.7487000e+03
   2.4708630e+05   1.7905000e+03
   2.4708670e+05   1.7946000e+03
   2.4708720e+05   1.8532000e+03
   2.4708760e+05   1.8072000e+03
   2.4708800e+05   1.7173000e+03
   2.4708850e+05   1.9368000e+03
   2.4708890e+05   1.9493000e+03
   2.4708930e+05   1.8626000e+03
   2.4708980e+05   1.9514000e+03
   2.4709020e+05   1.7497000e+03
   2.4709060e+05   1.6860000e+03
   2.4709110e+05   1.6870000e+03
   2.4709150e+05   1.6515000e+03
   2.4709190e+05   1.5470000e+03
   2.4709230e+05   1.5836000e+03
   2.4709280e+05   1.7853000e+03
   2.4709320e+05   1.6494000e+03
   2.4709360e+05   1.5804000e+03
   2.4709410e+05   1.5668000e+03
   2.4709450e+05   1.8061000e+03
   2.4709490e+05   2.2043000e+03
   2.4709540e+05   2.4377000e+03
   2.4709580e+05   2.5519000e+03
   2.4709620e+05   2.4439000e+03
   2.4709670e+05   2.6913000e+03
   2.4709710e+05   2.4755000e+03
   2.4709750e+05   3.0620000e+03
   2.4709790e+05   3.5301000e+03
   2.4709840e+05   3.0704000e+03
   2.4709880e+05   2.9708000e+03
   2.4709920e+05   3.1774000e+03
   2.4709970e+05   3.1438000e+03
   2.4710010e+05   2.2674000e+03
   2.4710050e+05   2.8881000e+03
   2.4710100e+05   3.1587000e+03
   2.4710140e+05   3.8367000e+03
   2.4710180e+05   4.3691000e+03
   2.4710230e+05   4.3920000e+03
   2.4710270e+05   4.2911000e+03
   2.4710310e+05   3.6497000e+03
   2.4710360e+05   3.7068000e+03
   2.4710400e+05   4.4510000e+03
   2.4710440e+05   4.6013000e+03
   2.4710480e+05   4.6141000e+03
   2.4710530e+05   3.9111000e+03
   2.4710570e+05   3.8609000e+03
   2.4710610e+05   3.7771000e+03
   2.4710660e+05   4.0144000e+03
   2.4710700e+05   4.3108000e+03
   2.4710740e+05   3.2738000e+03
   2.4710790e+05   4.2180000e+03
   2.4710830e+05   3.0749000e+03
   2.4710870e+05   3.8169000e+03
   2.4710920e+05   3.3836000e+03
   2.4710960e+05   3.0948000e+03
   2.4711000e+05   2.7909000e+03
   2.4711040e+05   2.5621000e+03
   2.4711090e+05   2.7257000e+03
   2.4711130e+05   2.8225000e+03
   2.4711170e+05   2.9463000e+03
   2.4711220e+05   3.1921000e+03
   2.4711260e+05   2.9366000e+03
   2.4711300e+05   3.2937000e+03
   2.4711350e+05   3.0624000e+03
   2.4711390e+05   2.7732000e+03
   2.4711430e+05   2.5212000e+03
   2.4711480e+05   2.6860000e+03
   2.4711520e+05   2.8716000e+03
   2.4711560e+05   3.1430000e+03
   2.4711600e+05   3.4568000e+03
   2.4711650e+05   3.3825000e+03
   2.4711690e+05   3.4736000e+03
   2.4711730e+05   3.1158000e+03
   2.4711780e+05   3.3491000e+03
   2.4711820e+05   3.1984000e+03
   2.4711860e+05   2.5789000e+03
   2.4711910e+05   2.5283000e+03
   2.4711950e+05   2.5798000e+03
   2.4711990e+05   2.4423000e+03
   2.4712040e+05   2.6453000e+03
   2.4712080e+05   3.0109000e+03
   2.4712120e+05   3.4727000e+03
   2.4712160e+05   3.3732000e+03
   2.4712210e+05   3.2853000e+03
   2.4712250e+05   2.5842000e+03
   2.4712290e+05   2.5526000e+03
   2.4712340e+05   2.6722000e+03
   2.4712380e+05   2.5250000e+03
   2.4712420e+05   2.3641000e+03
   2.4712470e+05   2.6189000e+03
   2.4712510e+05   2.7154000e+03
   2.4712550e+05   2.6733000e+03
   2.4712600e+05   2.7476000e+03
   2.4712640e+05   2.5768000e+03
   2.4712680e+05   2.5421000e+03
   2.4712720e+05   2.3240000e+03
   2.4712770e+05   1.9691000e+03
   2.4712810e+05   1.9441000e+03
   2.4712850e+05   2.0026000e+03
   2.4712900e+05   2.1679000e+03
   2.4712940e+05   2.0257000e+03
   2.4712980e+05   2.7474000e+03
   2.4713030e+05   2.5829000e+03
   2.4713070e+05   2.8945000e+03
   2.4713110e+05   2.9917000e+03
   2.4713160e+05   2.8529000e+03
   2.4713200e+05   2.9398000e+03
   2.4713240e+05   2.7553000e+03
   2.4713280e+05   2.6490000e+03
   2.4713330e+05   2.9218000e+03
   2.4713350e+05   3.4882000e+03
   2.4713370e+05   3.1743000e+03
   2.4713410e+05   3.2078000e+03
   2.4713460e+05   3.1815000e+03
   2.4713500e+05   2.9650000e+03
   2.4713540e+05   2.7655000e+03
   2.4713590e+05   2.9689000e+03
   2.4713630e+05   4.1480000e+03
   2.4713670e+05   4.1168000e+03
   2.4713720e+05   4.3032000e+03
   2.4713760e+05   3.7072000e+03
   2.4713800e+05   3.7215000e+03
   2.4713840e+05   3.6693000e+03
   2.4713890e+05   3.5846000e+03
   2.4713930e+05   3.7532000e+03
   2.4713970e+05   4.2822000e+03
   2.4714020e+05   5.1288000e+03
   2.4714040e+05   5.0345000e+03
   2.4714060e+05   4.9504000e+03
   2.4714100e+05   4.9139000e+03
   2.4714150e+05   4.3005000e+03
   2.4714190e+05   4.1699000e+03
   2.4714230e+05   3.8985000e+03
   2.4714280e+05   3.9056000e+03
   2.4714320e+05   3.5468000e+03
   2.4714360e+05   3.1857000e+03
   2.4714410e+05   3.0643000e+03
   2.4714450e+05   2.9043000e+03
   2.4714490e+05   2.9217000e+03
   2.4714530e+05   3.0484000e+03
   2.4714580e+05   2.7615000e+03
   2.4714620e+05   2.8759000e+03
   2.4714660e+05   2.7826000e+03
   2.4714710e+05   2.7030000e+03
   2.4714750e+05   2.8410000e+03
   2.4714790e+05   2.7519000e+03
   2.4714840e+05   2.7101000e+03
   2.4714880e+05   2.8717000e+03
   2.4714920e+05   2.6936000e+03
   2.4714970e+05   2.8413000e+03
   2.4715010e+05   3.0435000e+03
   2.4715050e+05   2.8613000e+03
   2.4715090e+05   2.7314000e+03
   2.4715140e+05   3.1022000e+03
   2.4715180e+05   4.8140000e+03
   2.4715220e+05   5.3321000e+03
   2.4715270e+05   5.8224000e+03
   2.4715310e+05   4.6612000e+03
   2.4715350e+05   4.3557000e+03
   2.4715400e+05   3.7762000e+03
   2.4715440e+05   3.4474000e+03
   2.4715480e+05   3.2475000e+03
   2.4715530e+05   2.9597000e+03
   2.4715570e+05   2.8708000e+03
   2.4715610e+05   2.6722000e+03
   2.4715650e+05   2.9220000e+03
   2.4715700e+05   2.6055000e+03
   2.4715740e+05   3.6640000e+03
   2.4715780e+05   3.8568000e+03
   2.4715830e+05   3.8001000e+03
   2.4715870e+05   3.5227000e+03
   2.4715910e+05   3.2779000e+03
   2.4715960e+05   3.3042000e+03
   2.4716000e+05   3.8223000e+03
   2.4716040e+05   4.4901000e+03
   2.4716090e+05   4.4760000e+03
   2.4716130e+05   4.5517000e+03
   2.4716170e+05   4.9914000e+03
   2.4716210e+05   3.4904000e+03
   2.4716260e+05   3.3480000e+03
   2.4716300e+05   3.0592000e+03
   2.4716340e+05   2.7626000e+03
   2.4716390e+05   2.6359000e+03
   2.4716430e+05   2.7172000e+03
   2.4716470e+05   2.7227000e+03
   2.4716520e+05   2.7941000e+03
   2.4716560e+05   2.7521000e+03
   2.4716600e+05   2.6104000e+03
   2.4716650e+05   2.6745000e+03
   2.4716690e+05   2.8379000e+03
   2.4716730e+05   2.7385000e+03
   2.4716770e+05   2.8254000e+03
   2.4716820e+05   2.7877000e+03
   2.4716860e+05   2.8735000e+03
   2.4716900e+05   2.8213000e+03
   2.4716950e+05   2.7910000e+03
   2.4716990e+05   2.5167000e+03
   2.4717030e+05   2.5882000e+03
   2.4717080e+05   2.6503000e+03
   2.4717120e+05   2.4824000e+03
   2.4717160e+05   2.5616000e+03
   2.4717210e+05   2.2076000e+03
   2.4717250e+05   2.2643000e+03
   2.4717290e+05   2.1804000e+03
   2.4717330e+05   2.2808000e+03
   2.4717380e+05   2.1941000e+03
   2.4717420e+05   2.2214000e+03
   2.4717460e+05   2.1241000e+03
   2.4717510e+05   2.2391000e+03
   2.4717550e+05   3.1554000e+03
   2.4717590e+05   3.2173000e+03
   2.4717640e+05   3.3470000e+03
   2.4717680e+05   3.3491000e+03
   2.4717720e+05   4.5042000e+03
   2.4717770e+05   5.5215000e+03
   2.4717810e+05   5.1583000e+03
   2.4717850e+05   4.7797000e+03
   2.4717890e+05   3.8329000e+03
   2.4717940e+05   3.4881000e+03
   2.4717980e+05   3.2414000e+03
   2.4718020e+05   3.5217000e+03
   2.4718070e+05   3.1053000e+03
   2.4718110e+05   3.4745000e+03
   2.4718150e+05   3.0007000e+03
   2.4718200e+05   3.0100000e+03
   2.4718240e+05   3.0509000e+03
   2.4718280e+05   3.0854000e+03
   2.4718330e+05   3.8306000e+03
   2.4718370e+05   3.3302000e+03
   2.4718410e+05   3.1920000e+03
   2.4718460e+05   3.1469000e+03
   2.4718500e+05   2.9868000e+03
   2.4718540e+05   2.7938000e+03
   2.4718580e+05   2.7263000e+03
   2.4718630e+05   2.8333000e+03
   2.4718670e+05   2.5196000e+03
   2.4718710e+05   2.7345000e+03
   2.4718760e+05   3.1376000e+03
   2.4718800e+05   3.8539000e+03
   2.4718840e+05   4.3178000e+03
   2.4718890e+05   5.1712000e+03
   2.4718930e+05   4.9983000e+03
   2.4718970e+05   5.0596000e+03
   2.4719020e+05   4.3962000e+03
   2.4719060e+05   3.5783000e+03
   2.4719100e+05   3.3240000e+03
   2.4719140e+05   3.5364000e+03
   2.4719190e+05   3.3846000e+03
   2.4719230e+05   3.1859000e+03
   2.4719270e+05   3.2423000e+03
   2.4719320e+05   3.2443000e+03
   2.4719360e+05   2.8877000e+03
   2.4719400e+05   2.9142000e+03
   2.4719450e+05   2.7817000e+03
   2.4719490e+05   2.9834000e+03
   2.4719530e+05   3.1366000e+03
   2.4719580e+05   3.7573000e+03
   2.4719620e+05   4.0549000e+03
   2.4719660e+05   4.5939000e+03
   2.4719700e+05   4.6434000e+03
   2.4719750e+05   4.1065000e+03
   2.4719790e+05   5.0090000e+03
   2.4719830e+05   4.1304000e+03
   2.4719880e+05   3.2643000e+03
   2.4719920e+05   3.3219000e+03
   2.4719960e+05   3.0675000e+03
   2.4720010e+05   3.0373000e+03
   2.4720050e+05   3.3669000e+03
   2.4720090e+05   2.7016000e+03
   2.4720140e+05   3.3595000e+03
   2.4720180e+05   3.6925000e+03
   2.4720220e+05   3.5489000e+03
   2.4720260e+05   4.0506000e+03
   2.4720310e+05   4.9251000e+03
   2.4720350e+05   5.2671000e+03
   2.4720390e+05   5.4995000e+03
   2.4720440e+05   5.6486000e+03
   2.4720480e+05   5.4126000e+03
   2.4720520e+05   5.3695000e+03
   2.4720570e+05   5.0792000e+03
   2.4720610e+05   4.6518000e+03
   2.4720650e+05   4.9424000e+03
   2.4720700e+05   4.3432000e+03
   2.4720740e+05   4.2037000e+03
   2.4720780e+05   4.2989000e+03
   2.4720820e+05   4.5918000e+03
   2.4720870e+05   4.5024000e+03
   2.4720910e+05   5.0425000e+03
   2.4720950e+05   4.8534000e+03
   2.4721000e+05   5.1391000e+03
   2.4721040e+05   5.0152000e+03
   2.4721080e+05   4.2257000e+03
   2.4721130e+05   3.6294000e+03
   2.4721170e+05   3.6065000e+03
   2.4721210e+05   3.5500000e+03
   2.4721260e+05   3.4767000e+03
   2.4721300e+05   3.2581000e+03
   2.4721340e+05   3.6388000e+03
   2.4721380e+05   3.1197000e+03
   2.4721430e+05   3.3292000e+03
   2.4721470e+05   4.0481000e+03
   2.4721510e+05   4.2273000e+03
   2.4721560e+05   3.7644000e+03
   2.4721600e+05   3.5217000e+03
   2.4721640e+05   3.6294000e+03
   2.4721690e+05   3.4808000e+03
   2.4721730e+05   3.6902000e+03
   2.4721770e+05   4.4066000e+03
   2.4721820e+05   4.0850000e+03
   2.4721860e+05   3.6713000e+03
   2.4721900e+05   3.4756000e+03
   2.4721940e+05   3.3564000e+03
   2.4721990e+05   3.4338000e+03
   2.4722030e+05   3.4128000e+03
   2.4722070e+05   3.3594000e+03
   2.4722120e+05   3.3041000e+03
   2.4722160e+05   3.3460000e+03
   2.4722200e+05   3.4693000e+03
   2.4722250e+05   3.6158000e+03
   2.4722290e+05   3.7162000e+03
   2.4722330e+05   3.9898000e+03
   2.4722380e+05   4.3771000e+03
   2.4722420e+05   5.0543000e+03
   2.4722460e+05   5.0040000e+03
   2.4722510e+05   4.5326000e+03
   2.4722550e+05   4.3012000e+03
   2.4722590e+05   3.6681000e+03
   2.4722630e+05   3.6169000e+03
   2.4722670e+05   3.7257000e+03
   2.4722710e+05   4.5359000e+03
   2.4722750e+05   3.8251000e+03
   2.4722800e+05   4.5182000e+03
   2.4722840e+05   4.7396000e+03
   2.4722880e+05   4.6010000e+03
   2.4722930e+05   5.0776000e+03
   2.4722970e+05   5.0617000e+03
   2.4723010e+05   4.5248000e+03
   2.4723060e+05   4.6543000e+03
   2.4723100e+05   4.6149000e+03
   2.4723140e+05   4.7876000e+03
   2.4723190e+05   4.5923000e+03
   2.4723230e+05   4.1551000e+03
   2.4723270e+05   4.1924000e+03
   2.4723320e+05   4.5568000e+03
   2.4723360e+05   5.4609000e+03
   2.4723400e+05   5.3352000e+03
   2.4723440e+05   5.2238000e+03
   2.4723490e+05   5.6801000e+03
   2.4723530e+05   5.6893000e+03
   2.4723570e+05   5.3549000e+03
   2.4723620e+05   5.1392000e+03
   2.4723660e+05   4.9115000e+03
   2.4723700e+05   5.1139000e+03
   2.4723750e+05   5.1973000e+03
   2.4723790e+05   5.0252000e+03
   2.4723830e+05   4.9641000e+03
   2.4723880e+05   4.6804000e+03
   2.4723920e+05   4.5532000e+03
   2.4723960e+05   4.6743000e+03
   2.4724000e+05   4.1980000e+03
   2.4724050e+05   3.8785000e+03
   2.4724090e+05   3.4506000e+03
   2.4724130e+05   3.4892000e+03
   2.4724180e+05   3.5928000e+03
   2.4724220e+05   4.2354000e+03
   2.4724260e+05   3.4411000e+03
   2.4724310e+05   3.1708000e+03
   2.4724350e+05   3.1180000e+03
   2.4724390e+05   3.3269000e+03
   2.4724440e+05   3.1394000e+03
   2.4724480e+05   3.0386000e+03
   2.4724520e+05   2.8338000e+03
   2.4724560e+05   2.9832000e+03
   2.4724610e+05   2.6550000e+03
   2.4724650e+05   2.5777000e+03
   2.4724690e+05   2.5319000e+03
   2.4724740e+05   2.3770000e+03
   2.4724780e+05   2.3340000e+03
   2.4724820e+05   2.3236000e+03
   2.4724870e+05   2.4229000e+03
   2.4724910e+05   2.4083000e+03
   2.4724950e+05   2.5120000e+03
   2.4725000e+05   2.5234000e+03
   2.4725040e+05   2.0245000e+03
   2.4725080e+05   1.5376000e+03
   2.4725120e+05   1.5030000e+03
   2.4725170e+05   1.3953000e+03
   2.4725210e+05   1.2687000e+03
   2.4725250e+05   1.2669000e+03
   2.4725300e+05   1.2741000e+03
   2.4725340e+05   1.3077000e+03
   2.4725380e+05   1.3138000e+03
   2.4725430e+05   1.2772000e+03
   2.4725470e+05   1.2020000e+03
   2.4725510e+05   1.1483000e+03
   2.4725560e+05   1.0437000e+03
   2.4725600e+05   1.2154000e+03
   2.4725640e+05   1.1767000e+03
   2.4725680e+05   1.3285000e+03
   2.4725730e+05   1.1577000e+03
   2.4725770e+05   1.0468000e+03
   2.4725810e+05   1.1513000e+03
   2.4725860e+05   1.1851000e+03
   2.4725900e+05   1.0698000e+03
   2.4725940e+05   1.1252000e+03
   2.4725990e+05   1.1713000e+03
   2.4726030e+05   1.1328000e+03
   2.4726070e+05   1.1387000e+03
   2.4726120e+05   1.1052000e+03
   2.4726160e+05   9.8720000e+02
   2.4726200e+05   1.0594000e+03
   2.4726240e+05   1.0228000e+03
   2.4726290e+05   1.1022000e+03
   2.4726330e+05   1.0971000e+03
   2.4726370e+05   1.1496000e+03
   2.4726420e+05   1.2477000e+03
   2.4726460e+05   1.2770000e+03
   2.4726500e+05   1.1254000e+03
   2.4726550e+05   1.1998000e+03
   2.4726590e+05   1.2384000e+03
   2.4726630e+05   1.2386000e+03
   2.4726680e+05   1.1683000e+03
   2.4726720e+05   1.1651000e+03
   2.4726760e+05   1.2498000e+03
   2.4726800e+05   1.1547000e+03
   2.4726850e+05   1.2301000e+03
   2.4726890e+05   1.3431000e+03
   2.4726930e+05   1.2971000e+03
   2.4726980e+05   1.3389000e+03
   2.4727020e+05   1.1683000e+03
   2.4727060e+05   1.1410000e+03
   2.4727110e+05   1.2386000e+03
   2.4727150e+05   1.3785000e+03
   2.4727190e+05   1.7048000e+03
   2.4727240e+05   2.1720000e+03
   2.4727280e+05   1.9953000e+03
   2.4727320e+05   2.2335000e+03
   2.4727370e+05   2.2690000e+03
   2.4727410e+05   2.0757000e+03
   2.4727450e+05   2.2063000e+03
   2.4727490e+05   2.1646000e+03
   2.4727540e+05   1.9357000e+03
   2.4727580e+05   1.9138000e+03
   2.4727620e+05   2.6278000e+03
   2.4727670e+05   2.8983000e+03
   2.4727710e+05   2.4771000e+03
   2.4727750e+05   2.0924000e+03
   2.4727800e+05   1.9337000e+03
   2.4727840e+05   1.7016000e+03
   2.4727880e+05   1.7434000e+03
   2.4727930e+05   1.7163000e+03
   2.4727970e+05   1.6003000e+03
   2.4728010e+05   1.5449000e+03
   2.4728050e+05   1.5104000e+03
   2.4728100e+05   1.3818000e+03
   2.4728140e+05   1.4498000e+03
   2.4728180e+05   1.4028000e+03
   2.4728230e+05   1.2834000e+03
   2.4728270e+05   1.3075000e+03
   2.4728310e+05   1.1987000e+03
   2.4728360e+05   1.1589000e+03
   2.4728400e+05   1.1892000e+03
   2.4728440e+05   1.2152000e+03
   2.4728490e+05   1.2362000e+03
   2.4728530e+05   1.1652000e+03
   2.4728570e+05   1.0637000e+03
   2.4728610e+05   1.2646000e+03
   2.4728660e+05   1.1652000e+03
   2.4728700e+05   1.4402000e+03
   2.4728740e+05   2.1217000e+03
   2.4728790e+05   2.4565000e+03
   2.4728830e+05   2.4384000e+03
   2.4728870e+05   2.0810000e+03
   2.4728920e+05   1.6860000e+03
   2.4728960e+05   1.4800000e+03
   2.4729000e+05   1.3975000e+03
   2.4729050e+05   1.4090000e+03
   2.4729090e+05   1.2930000e+03
   2.4729130e+05   1.4560000e+03
   2.4729170e+05   1.4110000e+03
   2.4729220e+05   1.3776000e+03
   2.4729260e+05   1.3703000e+03
   2.4729300e+05   1.3932000e+03
   2.4729380e+05   1.3640000e+03
   2.4729460e+05   1.4017000e+03
   2.4729550e+05   1.4539000e+03
   2.4729630e+05   1.4790000e+03
   2.4729720e+05   1.4539000e+03
   2.4729800e+05   1.5626000e+03
   2.4729880e+05   1.4916000e+03
   2.4729970e+05   1.6535000e+03
   2.4730050e+05   1.5627000e+03
   2.4730140e+05   1.4958000e+03
   2.4730220e+05   1.4716000e+03
   2.4730310e+05   1.4194000e+03
   2.4730390e+05   1.5878000e+03
   2.4730470e+05   1.5919000e+03
   2.4730560e+05   1.7090000e+03
   2.4730640e+05   1.7518000e+03
   2.4730730e+05   1.7455000e+03
   2.4730810e+05   2.5630000e+03
   2.4730890e+05   3.4764000e+03
   2.4730980e+05   4.3076000e+03
   2.4731060e+05   4.1812000e+03
   2.4731150e+05   3.6639000e+03
   2.4731230e+05   2.9467000e+03
   2.4731320e+05   2.8157000e+03
   2.4731400e+05   3.1380000e+03
   2.4731480e+05   3.0678000e+03
   2.4731570e+05   2.1405000e+03
   2.4731650e+05   1.6118000e+03
   2.4731740e+05   1.3860000e+03
   2.4731820e+05   1.2959000e+03
   2.4731900e+05   1.2626000e+03
   2.4731990e+05   1.2175000e+03
   2.4732070e+05   1.2247000e+03
   2.4732160e+05   1.2102000e+03
   2.4732240e+05   1.2550000e+03
   2.4732330e+05   1.3210000e+03
   2.4732410e+05   1.2499000e+03
   2.4732490e+05   1.2970000e+03
   2.4732580e+05   1.5031000e+03
   2.4732660e+05   2.1552000e+03
   2.4732750e+05   2.2628000e+03
   2.4732830e+05   2.1699000e+03
   2.4732910e+05   2.0695000e+03
   2.4733000e+05   1.9556000e+03
   2.4733080e+05   1.6055000e+03
   2.4733170e+05   1.7413000e+03
   2.4733250e+05   1.6212000e+03
   2.4733340e+05   1.4142000e+03
   2.4733420e+05   1.0480000e+03
   2.4733500e+05   9.5150000e+02
   2.4733590e+05   8.9620000e+02
   2.4733670e+05   7.9690000e+02
   2.4733760e+05   8.1260000e+02
   2.4733840e+05   8.8370000e+02
   2.4733920e+05   9.8820000e+02
   2.4734010e+05   8.8480000e+02
   2.4734090e+05   8.6280000e+02
   2.4734180e+05   8.8460000e+02
   2.4734260e+05   8.8790000e+02
   2.4734350e+05   8.9430000e+02
   2.4734430e+05   9.1300000e+02
   2.4734510e+05   8.6590000e+02
   2.4734600e+05   8.3240000e+02
   2.4734680e+05   8.4710000e+02
   2.4734770e+05   8.6260000e+02
   2.4734850e+05   8.2420000e+02
   2.4734930e+05   8.2840000e+02
   2.4735020e+05   8.9310000e+02
   2.4735100e+05   9.3590000e+02
   2.4735190e+05   8.6380000e+02
   2.4735270e+05   9.1800000e+02
   2.4735360e+05   8.6700000e+02
   2.4735440e+05   9.1500000e+02
   2.4735520e+05   9.2860000e+02
   2.4735610e+05   8.7210000e+02
   2.4735690e+05   8.7310000e+02
   2.4735780e+05   8.8270000e+02
   2.4735860e+05   8.9930000e+02
   2.4735940e+05   8.7320000e+02
   2.4736030e+05   8.7110000e+02
   2.4736110e+05   8.9300000e+02
   2.4736200e+05   9.0890000e+02
   2.4736280e+05   8.8890000e+02
   2.4736370e+05   8.4590000e+02
   2.4736450e+05   9.0540000e+02
   2.4736530e+05   8.9300000e+02
   2.4736620e+05   9.2330000e+02
   2.4736700e+05   9.1170000e+02
   2.4736790e+05   8.8240000e+02
   2.4736870e+05   8.5440000e+02
   2.4736950e+05   9.6930000e+02
   2.4737040e+05   9.0240000e+02
   2.4737120e+05   9.7160000e+02
   2.4737210e+05   9.1710000e+02
   2.4737290e+05   1.0029000e+03
   2.4737380e+05   8.9620000e+02
   2.4737460e+05   1.0289000e+03
   2.4737540e+05   9.0030000e+02
   2.4737630e+05   1.0249000e+03
   2.4737710e+05   9.8820000e+02
   2.4737800e+05   1.0561000e+03
   2.4737880e+05   1.1005000e+03
   2.4737960e+05   1.0731000e+03
   2.4738050e+05   1.2008000e+03
   2.4738130e+05   1.7622000e+03
   2.4738220e+05   1.8510000e+03
   2.4738300e+05   1.9357000e+03
   2.4738390e+05   1.9890000e+03
   2.4738470e+05   2.1155000e+03
   2.4738550e+05   1.8521000e+03
   2.4738640e+05   1.9232000e+03
   2.4738720e+05   1.9535000e+03
   2.4738810e+05   1.7195000e+03
   2.4738890e+05   1.3681000e+03
   2.4738970e+05   1.2645000e+03
   2.4739060e+05   1.1797000e+03
   2.4739140e+05   1.2260000e+03
   2.4739230e+05   1.3315000e+03
   2.4739310e+05   1.3619000e+03
   2.4739400e+05   1.4539000e+03
   2.4739480e+05   1.9754000e+03
   2.4739560e+05   1.9974000e+03
   2.4739650e+05   2.0517000e+03
   2.4739730e+05   2.2137000e+03
   2.4739820e+05   1.9995000e+03
   2.4739900e+05   2.2910000e+03
   2.4739980e+05   1.9723000e+03
   2.4740070e+05   1.6786000e+03
   2.4740150e+05   1.1924000e+03
   2.4740240e+05   1.2120000e+03
   2.4740320e+05   1.2477000e+03
   2.4740410e+05   1.1452000e+03
   2.4740490e+05   1.2122000e+03
   2.4740570e+05   1.4883000e+03
   2.4740660e+05   1.4925000e+03
   2.4740740e+05   1.5261000e+03
   2.4740830e+05   1.6149000e+03
   2.4740910e+05   1.8615000e+03
   2.4740990e+05   2.0663000e+03
   2.4741080e+05   1.9524000e+03
   2.4741160e+05   2.0444000e+03
   2.4741250e+05   2.0329000e+03
   2.4741330e+05   1.9995000e+03
   2.4741420e+05   2.0382000e+03
   2.4741500e+05   2.0151000e+03
   2.4741580e+05   1.9964000e+03
   2.4741670e+05   2.0496000e+03
   2.4741750e+05   2.0527000e+03
   2.4741840e+05   1.9849000e+03
   2.4741920e+05   1.9138000e+03
   2.4742000e+05   1.8782000e+03
   2.4742090e+05   1.8072000e+03
   2.4742170e+05   1.9712000e+03
   2.4742260e+05   1.8615000e+03
   2.4742340e+05   1.6526000e+03
   2.4742430e+05   1.6452000e+03
   2.4742590e+05   1.7466000e+03
   2.4742680e+05   2.0914000e+03
   2.4742760e+05   2.0988000e+03
   2.4742850e+05   1.9859000e+03
   2.4742930e+05   1.8981000e+03
   2.4743010e+05   2.2555000e+03
   2.4743100e+05   2.1364000e+03
   2.4743180e+05   2.1426000e+03
   2.4743270e+05   2.2367000e+03
   2.4743350e+05   2.2879000e+03
   2.4743440e+05   2.2911000e+03
   2.4743520e+05   1.9900000e+03
   2.4743600e+05   1.7800000e+03
   2.4743690e+05   1.3776000e+03
   2.4743770e+05   9.8720000e+02
   2.4743860e+05   9.4510000e+02
   2.4743940e+05   9.5040000e+02
   2.4744020e+05   1.1094000e+03
   2.4744110e+05   1.0928000e+03
   2.4744190e+05   9.7040000e+02
   2.4744280e+05   1.1158000e+03
   2.4744360e+05   1.2342000e+03
   2.4744450e+05   1.6118000e+03
   2.4744530e+05   1.9378000e+03
   2.4744610e+05   1.8730000e+03
   2.4744700e+05   1.9002000e+03
   2.4744780e+05   1.9608000e+03
   2.4744870e+05   2.0527000e+03
   2.4744950e+05   2.0559000e+03
   2.4745030e+05   2.0642000e+03
   2.4745120e+05   2.1113000e+03
   2.4745200e+05   1.9838000e+03
   2.4745290e+05   2.0015000e+03
   2.4745370e+05   2.1176000e+03
   2.4745460e+05   2.0423000e+03
   2.4745540e+05   1.9943000e+03
   2.4745620e+05   1.7090000e+03
   2.4745710e+05   1.2907000e+03
   2.4745790e+05   1.2917000e+03
   2.4745880e+05   1.2037000e+03
   2.4745960e+05   1.6734000e+03
   2.4746040e+05   1.8145000e+03
   2.4746130e+05   1.8239000e+03
   2.4746210e+05   1.8469000e+03
   2.4746300e+05   1.8960000e+03
   2.4746380e+05   1.8887000e+03
   2.4746470e+05   1.7842000e+03
   2.4746550e+05   1.9169000e+03
   2.4746630e+05   2.0110000e+03
   2.4746720e+05   2.4436000e+03
   2.4746800e+05   2.3454000e+03
   2.4746890e+05   2.3862000e+03
   2.4746970e+05   2.2671000e+03
   2.4747050e+05   2.4018000e+03
   2.4747140e+05   2.4490000e+03
   2.4747220e+05   2.6468000e+03
   2.4747310e+05   2.6333000e+03
   2.4747390e+05   2.9455000e+03
   2.4747480e+05   3.2331000e+03
   2.4747560e+05   3.4222000e+03
   2.4747640e+05   3.7748000e+03
   2.4747730e+05   4.0385000e+03
   2.4747810e+05   4.0322000e+03
   2.4747900e+05   3.3155000e+03
   2.4747980e+05   3.3027000e+03
   2.4748060e+05   3.6137000e+03
   2.4748150e+05   3.6096000e+03
   2.4748230e+05   3.3751000e+03
   2.4748320e+05   3.3297000e+03
   2.4748400e+05   3.1625000e+03
   2.4748490e+05   2.8799000e+03
   2.4748570e+05   2.7802000e+03
   2.4748650e+05   2.8596000e+03
   2.4748740e+05   2.7571000e+03
   2.4748820e+05   2.9445000e+03
   2.4748910e+05   2.8995000e+03
   2.4748990e+05   3.2124000e+03
   2.4749070e+05   3.4723000e+03
   2.4749160e+05   3.5027000e+03
   2.4749240e+05   3.6492000e+03
   2.4749330e+05   3.9810000e+03
   2.4749410e+05   3.6964000e+03
   2.4749500e+05   3.6858000e+03
   2.4749590e+05   3.8950000e+03
   2.4749720e+05   3.9139000e+03
   2.4749850e+05   3.9559000e+03
   2.4749980e+05   3.8073000e+03
   2.4750110e+05   3.7016000e+03
   2.4750240e+05   3.7549000e+03
   2.4750370e+05   3.7654000e+03
   2.4750490e+05   3.9631000e+03
   2.4750620e+05   3.7331000e+03
   2.4750750e+05   3.8888000e+03
   2.4750880e+05   3.8292000e+03
   2.4751010e+05   3.8052000e+03
   2.4751140e+05   3.8250000e+03
   2.4751270e+05   3.8334000e+03
   2.4751400e+05   4.0218000e+03
   2.4751530e+05   3.8847000e+03
   2.4751660e+05   3.4243000e+03
   2.4751790e+05   3.7916000e+03
   2.4751920e+05   3.7144000e+03
   2.4752050e+05   4.0963000e+03
   2.4752180e+05   3.8607000e+03
   2.4752310e+05   4.0291000e+03
   2.4752440e+05   4.1195000e+03
   2.4752570e+05   4.4576000e+03
   2.4752700e+05   5.3268000e+03
   2.4752830e+05   6.1234000e+03
   2.4752950e+05   5.9419000e+03
   2.4753080e+05   5.4534000e+03
   2.4753210e+05   5.1460000e+03
   2.4753340e+05   4.5625000e+03
   2.4753470e+05   4.6689000e+03
   2.4753600e+05   3.8994000e+03
   2.4753730e+05   3.8114000e+03
   2.4753860e+05   3.7098000e+03
   2.4753990e+05   3.2932000e+03
   2.4754120e+05   2.9332000e+03
   2.4754250e+05   2.9280000e+03
   2.4754380e+05   2.8994000e+03
   2.4754510e+05   2.9109000e+03
   2.4754640e+05   2.9818000e+03
   2.4754770e+05   2.9236000e+03
   2.4754900e+05   2.9074000e+03
   2.4755030e+05   2.9130000e+03
   2.4755160e+05   2.4646000e+03
   2.4755290e+05   2.1531000e+03
   2.4755410e+05   1.6839000e+03
   2.4755540e+05   1.5564000e+03
   2.4755670e+05   1.4226000e+03
   2.4755800e+05   1.3754000e+03
   2.4755930e+05   1.3388000e+03
   2.4756060e+05   1.3765000e+03
   2.4756190e+05   1.4926000e+03
   2.4756320e+05   1.7852000e+03
   2.4756450e+05   1.6097000e+03
   2.4756580e+05   1.3764000e+03
   2.4756710e+05   1.2394000e+03
   2.4756840e+05   1.3441000e+03
   2.4756970e+05   1.2467000e+03
   2.4757100e+05   1.2246000e+03
   2.4757230e+05   1.1168000e+03
   2.4757360e+05   1.1020000e+03
   2.4757490e+05   1.2280000e+03
   2.4757620e+05   1.3837000e+03
   2.4757750e+05   1.6839000e+03
   2.4757870e+05   2.2259000e+03
   2.4758000e+05   2.5599000e+03
   2.4758130e+05   1.9859000e+03
   2.4758260e+05   1.9723000e+03
   2.4758390e+05   1.5081000e+03
   2.4758520e+05   1.0842000e+03
   2.4758650e+05   8.4910000e+02
   2.4758780e+05   8.7400000e+02
   2.4758910e+05   8.4060000e+02
   2.4759040e+05   8.0090000e+02
   2.4759170e+05   7.7070000e+02
   2.4759300e+05   7.7490000e+02
   2.4759430e+05   8.4070000e+02
   2.4759560e+05   8.4590000e+02
   2.4759690e+05   8.3230000e+02
   2.4759820e+05   9.1800000e+02
   2.4760080e+05   9.2110000e+02
   2.4760330e+05   9.8170000e+02
   2.4760590e+05   9.7440000e+02
   2.4760850e+05   9.0120000e+02
   2.4761110e+05   9.4930000e+02
   2.4761370e+05   9.9890000e+02
   2.4761630e+05   9.9110000e+02
   2.4761890e+05   1.2393000e+03
   2.4762150e+05   1.3972000e+03
   2.4762410e+05   1.7058000e+03
   2.4762540e+05   1.8155000e+03
   2.4762670e+05   1.2265000e+03
   2.4762790e+05   1.1257000e+03
   2.4762920e+05   1.1227000e+03
   2.4763050e+05   1.3225000e+03
   2.4763120e+05   1.5573000e+03
   2.4763180e+05   1.4663000e+03
   2.4763310e+05   1.2381000e+03
   2.4763440e+05   1.2213000e+03
   2.4763570e+05   9.5990000e+02
   2.4763700e+05   8.6980000e+02
   2.4763830e+05   7.8530000e+02
   2.4763960e+05   7.2890000e+02
   2.4764220e+05   7.3620000e+02
   2.4764480e+05   7.1940000e+02
   2.4764740e+05   7.2890000e+02
   2.4765250e+05   7.4560000e+02
   2.4765510e+05   7.1210000e+02
   2.4765770e+05   7.2060000e+02
   2.4766030e+05   7.6230000e+02
   2.4766290e+05   7.1840000e+02
   2.4766550e+05   7.0170000e+02
   2.4766810e+05   7.6230000e+02
   2.4767070e+05   6.6510000e+02
   2.4767330e+05   6.9130000e+02
   2.4767590e+05   7.4770000e+02
   2.4767840e+05   7.1740000e+02
   2.4768100e+05   6.2760000e+02
   2.4768360e+05   7.8420000e+02
   2.4768620e+05   7.3410000e+02
   2.4768880e+05   7.4140000e+02
   2.4769140e+05   7.6020000e+02
   2.4769400e+05   6.3070000e+02
   2.4769660e+05   6.9020000e+02
   2.4769920e+05   7.1320000e+02
   2.4770180e+05   7.5080000e+02
   2.4770430e+05   7.4140000e+02
   2.4770690e+05   7.7480000e+02
   2.4770950e+05   7.8950000e+02
   2.4771210e+05   8.7400000e+02
   2.4771470e+05   8.0720000e+02
   2.4771730e+05   8.0300000e+02
   2.4771990e+05   9.2520000e+02
   2.4772120e+05   1.0359000e+03
   2.4772250e+05   1.1333000e+03
   2.4772380e+05   1.3269000e+03
   2.4772510e+05   1.3290000e+03
   2.4772640e+05   1.2945000e+03
   2.4772760e+05   1.3186000e+03
   2.4772890e+05   1.0161000e+03
   2.4773020e+05   1.0458000e+03
   2.4773150e+05   1.0298000e+03
   2.4773280e+05   1.0194000e+03
   2.4773410e+05   1.0894000e+03
   2.4773540e+05   1.1060000e+03
   2.4773670e+05   7.3100000e+02
   2.4773800e+05   8.0410000e+02
   2.4773930e+05   8.1980000e+02
   2.4774060e+05   7.9800000e+02
   2.4774190e+05   7.9900000e+02
   2.4774320e+05   7.7600000e+02
   2.4774450e+05   8.0830000e+02
   2.4774580e+05   7.5500000e+02
   2.4774710e+05   7.9470000e+02
   2.4774840e+05   8.4170000e+02
   2.4774970e+05   8.5960000e+02
   2.4775100e+05   8.8360000e+02
   2.4775220e+05   8.0120000e+02
   2.4775350e+05   7.9600000e+02
   2.4775480e+05   7.4980000e+02
   2.4775610e+05   7.3420000e+02
   2.4775740e+05   8.1040000e+02
   2.4775870e+05   7.2780000e+02
   2.4776000e+05   7.1630000e+02
   2.4776130e+05   8.3340000e+02
   2.4776260e+05   8.1140000e+02
   2.4776390e+05   7.7810000e+02
   2.4776520e+05   8.5430000e+02
   2.4776650e+05   9.2310000e+02
   2.4776780e+05   7.7810000e+02
   2.4776910e+05   1.2687000e+03
   2.4777040e+05   1.9618000e+03
   2.4777170e+05   1.7330000e+03
   2.4777300e+05   2.0350000e+03
   2.4777430e+05   1.9514000e+03
   2.4777560e+05   2.1719000e+03
   2.4777680e+05   2.2732000e+03
   2.4777810e+05   2.0778000e+03
   2.4777940e+05   2.1175000e+03
   2.4778070e+05   1.7487000e+03
   2.4778200e+05   1.7424000e+03
   2.4778330e+05   1.0573000e+03
   2.4778460e+05   9.3060000e+02
   2.4778590e+05   8.8550000e+02
   2.4778720e+05   8.1040000e+02
   2.4778850e+05   8.0310000e+02
   2.4778980e+05   7.6760000e+02
   2.4779110e+05   8.0200000e+02
   2.4779240e+05   7.7590000e+02
   2.4779370e+05   7.8640000e+02
   2.4779500e+05   7.2900000e+02
   2.4779630e+05   7.8000000e+02
   2.4779760e+05   8.2490000e+02
   2.4780020e+05   7.5610000e+02
   2.4780270e+05   8.0320000e+02
   2.4780530e+05   8.7830000e+02
   2.4780790e+05   8.5740000e+02
   2.4781050e+05   8.5640000e+02
   2.4781310e+05   8.9810000e+02
   2.4781570e+05   9.7950000e+02
   2.4781830e+05   9.1480000e+02
   2.4782090e+05   9.2530000e+02
   2.4782350e+05   8.9190000e+02
   2.4782600e+05   1.1681000e+03
   2.4782860e+05   1.0450000e+03
   2.4783120e+05   9.2240000e+02
   2.4783380e+05   9.3260000e+02
   2.4783410e+05   9.9160000e+02
   2.4783670e+05   1.1558000e+03
   2.4783930e+05   2.5446000e+03
   2.4784180e+05   1.9900000e+03
   2.4784440e+05   2.3654000e+03
   2.4784700e+05   3.8733000e+03
   2.4784960e+05   3.4579000e+03
   2.4785220e+05   2.0110000e+03
   2.4785480e+05   2.1153000e+03
   2.4785740e+05   2.0653000e+03
   2.4786000e+05   1.9775000e+03
   2.4786260e+05   1.8845000e+03
   2.4786510e+05   2.0225000e+03
   2.4786770e+05   1.8270000e+03
   2.4787030e+05   1.8521000e+03
   2.4787290e+05   1.8668000e+03
   2.4787550e+05   3.2778000e+03
   2.4787750e+05   2.5163000e+03
   2.4788010e+05   2.3592000e+03
   2.4788270e+05   2.6583000e+03
   2.4788390e+05   3.5447000e+03
   2.4788520e+05   3.4056000e+03
   2.4788780e+05   3.6911000e+03
   2.4789040e+05   1.2722000e+03
   2.4789300e+05   1.2992000e+03
   2.4789560e+05   1.2897000e+03
   2.4789820e+05   1.4216000e+03
   2.4790100e+05   1.5019000e+03
   2.4790430e+05   1.4237000e+03
   2.4790760e+05   1.6275000e+03
   2.4791090e+05   1.9796000e+03
   2.4791420e+05   2.3457000e+03
   2.4791760e+05   3.1517000e+03
   2.4792090e+05   1.6557000e+03
   2.4792420e+05   1.5042000e+03
   2.4792750e+05   1.6515000e+03
   2.4793080e+05   1.6358000e+03
   2.4793410e+05   1.8270000e+03
   2.4793580e+05   3.2013000e+03
   2.4793740e+05   2.3539000e+03
   2.4794070e+05   2.1385000e+03
   2.4794400e+05   1.8950000e+03
   2.4794740e+05   2.0642000e+03
   2.4794900e+05   2.0874000e+03
   2.4795070e+05   1.9023000e+03
   2.4795230e+05   2.1228000e+03
   2.4795400e+05   1.8772000e+03
   2.4795560e+05   1.9462000e+03
   2.4795730e+05   2.0162000e+03
   2.4795890e+05   2.0862000e+03
   2.4796060e+05   2.1751000e+03
   2.4796230e+05   2.1729000e+03
   2.4796390e+05   2.0445000e+03
   2.4796560e+05   2.0998000e+03
   2.4796720e+05   1.9963000e+03
   2.4796890e+05   2.0402000e+03
   2.4797050e+05   2.1071000e+03
   2.4797220e+05   2.2662000e+03
   2.4797380e+05   2.2316000e+03
   2.4797550e+05   2.3478000e+03
   2.4797720e+05   2.2242000e+03
   2.4797880e+05   2.5908000e+03
   2.4798050e+05   2.2953000e+03
   2.4798210e+05   2.2953000e+03
   2.4798380e+05   2.3111000e+03
   2.4798540e+05   2.2211000e+03
   2.4798710e+05   2.8562000e+03
   2.4798870e+05   3.6653000e+03
   2.4799040e+05   3.8732000e+03
   2.4799210e+05   2.5697000e+03
   2.4799370e+05   1.8176000e+03
   2.4799540e+05   1.5815000e+03
   2.4799700e+05   1.5000000e+03
   2.4799870e+05   1.6797000e+03
   2.4800030e+05   1.7173000e+03
   2.4800200e+05   1.9861000e+03
   2.4800370e+05   3.4096000e+03
   2.4800530e+05   3.2204000e+03
   2.4800700e+05   1.7560000e+03
   2.4800860e+05   1.3841000e+03
   2.4801030e+05   1.4320000e+03
   2.4801190e+05   1.2678000e+03
   2.4801360e+05   1.2835000e+03
   2.4801520e+05   1.2249000e+03
   2.4801690e+05   1.1454000e+03
   2.4801860e+05   1.0356000e+03
   2.4802020e+05   1.1087000e+03
   2.4802190e+05   1.1821000e+03
   2.4802350e+05   1.1810000e+03
   2.4802520e+05   1.1662000e+03
   2.4802680e+05   1.3096000e+03
   2.4802850e+05   1.1579000e+03
   2.4803010e+05   1.3557000e+03
   2.4803180e+05   1.3756000e+03
   2.4803350e+05   1.2992000e+03
   2.4803510e+05   1.3200000e+03
   2.4803680e+05   1.2177000e+03
   2.4803840e+05   1.1653000e+03
   2.4804010e+05   1.1025000e+03
   2.4804170e+05   1.0440000e+03
   2.4804340e+05   1.1810000e+03
   2.4804500e+05   1.2531000e+03
   2.4804670e+05   1.3024000e+03
   2.4804840e+05   2.2085000e+03
   2.4805000e+05   2.2074000e+03
   2.4805170e+05   1.6285000e+03
   2.4805330e+05   1.4675000e+03
   2.4805500e+05   1.3390000e+03
   2.4805660e+05   1.2041000e+03
   2.4805830e+05   1.1244000e+03
   2.4805990e+05   1.1067000e+03
   2.4806160e+05   1.0042000e+03
   2.4806330e+05   1.0021000e+03
   2.4806490e+05   1.2187000e+03
   2.4806660e+05   1.0712000e+03
   2.4806820e+05   1.0272000e+03
   2.4806990e+05   1.0354000e+03
   2.4807150e+05   1.0605000e+03
   2.4807320e+05   9.5720000e+02
   2.4807480e+05   1.0189000e+03
   2.4807650e+05   1.1232000e+03
   2.4807820e+05   1.3003000e+03
   2.4807980e+05   1.2679000e+03
   2.4808150e+05   1.0165000e+03
   2.4808310e+05   1.0449000e+03
   2.4808480e+05   8.6570000e+02
   2.4808640e+05   1.0006000e+03
   2.4808810e+05   1.0512000e+03
   2.4808980e+05   1.0615000e+03
   2.4809140e+05   1.0826000e+03
   2.4809310e+05   1.1307000e+03
   2.4809470e+05   1.1298000e+03
   2.4809640e+05   1.2270000e+03
   2.4809800e+05   1.2539000e+03
   2.4809970e+05   1.4466000e+03
   2.4810130e+05   1.4246000e+03
   2.4810300e+05   1.3243000e+03
   2.4810470e+05   1.1789000e+03
   2.4810630e+05   1.0794000e+03
   2.4810800e+05   1.0312000e+03
   2.4810960e+05   1.0115000e+03
   2.4811130e+05   1.0450000e+03
   2.4811290e+05   1.0220000e+03
   2.4811460e+05   1.0071000e+03
   2.4811620e+05   9.3300000e+02
   2.4811790e+05   9.5070000e+02
   2.4811960e+05   7.5720000e+02
   2.4812120e+05   1.2364000e+03
   2.4812290e+05   1.2783000e+03
   2.4812450e+05   1.3213000e+03
   2.4812620e+05   1.2836000e+03
   2.4812780e+05   1.2857000e+03
   2.4812950e+05   1.3255000e+03
   2.4813110e+05   1.4289000e+03
   2.4813280e+05   1.4937000e+03
   2.4813450e+05   1.8845000e+03
   2.4813610e+05   1.9211000e+03
   2.4813780e+05   2.3697000e+03
   2.4813940e+05   2.3990000e+03
   2.4814110e+05   2.1030000e+03
   2.4814270e+05   2.3412000e+03
   2.4814440e+05   2.1459000e+03
   2.4814600e+05   3.0562000e+03
   2.4814770e+05   2.5289000e+03
   2.4814940e+05   2.4452000e+03
   2.4815100e+05   2.2527000e+03
   2.4815270e+05   2.3846000e+03
   2.4815430e+05   2.4021000e+03
   2.4815600e+05   2.4002000e+03
   2.4815760e+05   2.5979000e+03
   2.4815930e+05   2.3311000e+03
   2.4816090e+05   2.1909000e+03
   2.4816260e+05   2.2023000e+03
   2.4816430e+05   2.1125000e+03
   2.4816590e+05   2.0455000e+03
   2.4816760e+05   2.0225000e+03
   2.4816920e+05   2.1198000e+03
   2.4817090e+05   1.9170000e+03
   2.4817250e+05   1.9347000e+03
   2.4817420e+05   1.8323000e+03
   2.4817590e+05   1.9975000e+03
   2.4817750e+05   2.0674000e+03
   2.4817920e+05   1.9524000e+03
   2.4818080e+05   1.8396000e+03
   2.4818250e+05   1.8323000e+03
   2.4818410e+05   1.7728000e+03
   2.4818580e+05   1.8093000e+03
   2.4818740e+05   1.6609000e+03
   2.4818910e+05   1.8249000e+03
   2.4819080e+05   2.4718000e+03
   2.4819240e+05   1.9514000e+03
   2.4819410e+05   1.9859000e+03
   2.4819570e+05   1.8783000e+03
   2.4819740e+05   2.4819000e+03
   2.4819900e+05   2.7325000e+03
   2.4820070e+05   2.6384000e+03
   2.4820230e+05   2.1312000e+03
   2.4820400e+05   2.8058000e+03
   2.4820570e+05   1.7173000e+03
   2.4820730e+05   1.6838000e+03
   2.4820900e+05   1.6149000e+03
   2.4821060e+05   1.2888000e+03
   2.4821230e+05   1.1800000e+03
   2.4821390e+05   1.1748000e+03
   2.4821560e+05   1.1381000e+03
   2.4821720e+05   1.1311000e+03
   2.4821890e+05   1.4686000e+03
   2.4822060e+05   1.7174000e+03
   2.4822220e+05   1.6316000e+03
   2.4822390e+05   1.4122000e+03
   2.4822550e+05   1.3903000e+03
   2.4822720e+05   1.2302000e+03
   2.4822880e+05   1.1453000e+03
   2.4823050e+05   1.2345000e+03
   2.4823210e+05   1.2219000e+03
   2.4823380e+05   1.2449000e+03
   2.4823550e+05   1.2920000e+03
   2.4823710e+05   1.2407000e+03
   2.4823880e+05   1.2355000e+03
   2.4824040e+05   1.2356000e+03
   2.4824210e+05   1.2574000e+03
   2.4824370e+05   1.3171000e+03
   2.4824540e+05   1.3839000e+03
   2.4824700e+05   2.8075000e+03
   2.4824870e+05   2.6640000e+03
   2.4825040e+05   1.6870000e+03
   2.4825200e+05   2.2033000e+03
   2.4825370e+05   2.2117000e+03
   2.4825530e+05   2.1082000e+03
   2.4825700e+05   1.9315000e+03
   2.4825860e+05   2.1135000e+03
   2.4826030e+05   1.7550000e+03
   2.4826200e+05   1.8637000e+03
   2.4826360e+05   2.0318000e+03
   2.4826530e+05   3.5781000e+03
   2.4826690e+05   3.7434000e+03
   2.4826860e+05   3.2957000e+03
   2.4827020e+05   3.2486000e+03
   2.4827190e+05   3.0445000e+03
   2.4827350e+05   3.0503000e+03
   2.4827520e+05   3.7697000e+03
   2.4827690e+05   4.2418000e+03
   2.4827850e+05   4.6893000e+03
   2.4828020e+05   4.9250000e+03
   2.4828180e+05   4.3857000e+03
   2.4828350e+05   4.1175000e+03
   2.4828510e+05   4.3643000e+03
   2.4828680e+05   4.6349000e+03
   2.4828840e+05   4.5244000e+03
   2.4829010e+05   4.4426000e+03
   2.4829180e+05   4.2826000e+03
   2.4829340e+05   4.5693000e+03
   2.4829510e+05   4.6853000e+03
   2.4829670e+05   5.4213000e+03
   2.4829840e+05   5.2357000e+03
   2.4830000e+05   5.3717000e+03
   2.4830170e+05   5.2650000e+03
   2.4830330e+05   5.5800000e+03
   2.4830500e+05   5.6987000e+03
   2.4830670e+05   5.9079000e+03
   2.4830830e+05   6.0195000e+03
   2.4831000e+05   5.7938000e+03
   2.4831170e+05   5.7477000e+03
   2.4831340e+05   5.6310000e+03
   2.4831500e+05   5.6309000e+03
   2.4831670e+05   4.7456000e+03
   2.4831840e+05   4.9744000e+03
   2.4832010e+05   4.4050000e+03
   2.4832170e+05   3.1490000e+03
   2.4832340e+05   2.6486000e+03
   2.4832510e+05   2.5407000e+03
   2.4832680e+05   3.0034000e+03
   2.4832840e+05   3.7123000e+03
   2.4833010e+05   3.9942000e+03
   2.4833180e+05   3.6734000e+03
   2.4833350e+05   3.5301000e+03
   2.4833510e+05   3.9300000e+03
   2.4833680e+05   3.6713000e+03
   2.4833850e+05   2.9864000e+03
   2.4834010e+05   2.7895000e+03
   2.4834180e+05   2.6656000e+03
   2.4834350e+05   2.9804000e+03
   2.4834520e+05   2.8543000e+03
   2.4834680e+05   2.9132000e+03
   2.4834850e+05   3.1050000e+03
   2.4835020e+05   3.0755000e+03
   2.4835190e+05   2.5704000e+03
   2.4835350e+05   2.4541000e+03
   2.4835520e+05   2.5588000e+03
   2.4835690e+05   3.1836000e+03
   2.4835860e+05   2.8689000e+03
   2.4836020e+05   2.6305000e+03
   2.4836190e+05   2.7689000e+03
   2.4836360e+05   3.0958000e+03
   2.4836520e+05   3.2486000e+03
   2.4836690e+05   3.4313000e+03
   2.4836860e+05   3.2339000e+03
   2.4837030e+05   3.2978000e+03
   2.4837190e+05   3.4506000e+03
   2.4837360e+05   2.8140000e+03
   2.4837530e+05   2.5881000e+03
   2.4837700e+05   2.9174000e+03
   2.4837860e+05   3.1155000e+03
   2.4838030e+05   3.0684000e+03
   2.4838200e+05   3.1365000e+03
   2.4838370e+05   2.9910000e+03
   2.4838530e+05   2.6405000e+03
   2.4838700e+05   2.3564000e+03
   2.4838870e+05   2.3889000e+03
   2.4839040e+05   2.6299000e+03
   2.4839200e+05   2.6321000e+03
   2.4839370e+05   2.5915000e+03
   2.4839540e+05   2.8473000e+03
   2.4839700e+05   3.4976000e+03
   2.4839870e+05   3.2832000e+03
   2.4840040e+05   3.4380000e+03
   2.4840210e+05   3.2883000e+03
   2.4840370e+05   3.4368000e+03
   2.4840540e+05   3.4190000e+03
   2.4840710e+05   3.6064000e+03
   2.4840880e+05   3.4495000e+03
   2.4841040e+05   3.3187000e+03
   2.4841210e+05   3.4976000e+03
   2.4841380e+05   3.5112000e+03
   2.4841550e+05   3.5772000e+03
   2.4841710e+05   3.5939000e+03
   2.4841880e+05   3.6996000e+03
   2.4842050e+05   3.4454000e+03
   2.4842210e+05   3.4369000e+03
   2.4842380e+05   3.5039000e+03
   2.4842550e+05   3.6085000e+03
   2.4842720e+05   3.4810000e+03
   2.4842880e+05   3.0852000e+03
   2.4843050e+05   3.3418000e+03
   2.4843220e+05   3.5186000e+03
   2.4843390e+05   3.7897000e+03
   2.4843550e+05   3.6086000e+03
   2.4843720e+05   3.5907000e+03
   2.4843890e+05   3.6411000e+03
   2.4844060e+05   3.5186000e+03
   2.4844220e+05   3.4158000e+03
   2.4844390e+05   3.6828000e+03
   2.4844560e+05   3.5646000e+03
   2.4844730e+05   3.3930000e+03
   2.4844890e+05   3.4630000e+03
   2.4845060e+05   3.2077000e+03
   2.4845230e+05   3.1050000e+03
   2.4845390e+05   3.1916000e+03
   2.4845560e+05   3.1071000e+03
   2.4845730e+05   3.2496000e+03
   2.4845900e+05   3.7529000e+03
   2.4846060e+05   3.6776000e+03
   2.4846230e+05   3.5217000e+03
   2.4846400e+05   3.5499000e+03
   2.4846570e+05   3.1007000e+03
   2.4846730e+05   2.6585000e+03
   2.4846900e+05   2.6530000e+03
   2.4847070e+05   2.8641000e+03
   2.4847240e+05   3.1846000e+03
   2.4847400e+05   3.2214000e+03
   2.4847570e+05   3.4589000e+03
   2.4847740e+05   3.4966000e+03
   2.4847900e+05   3.4212000e+03
   2.4848070e+05   3.4474000e+03
   2.4848240e+05   3.2850000e+03
   2.4848410e+05   3.0735000e+03
   2.4848570e+05   3.0463000e+03
   2.4848740e+05   2.8482000e+03
   2.4848910e+05   3.1802000e+03
   2.4849080e+05   3.2400000e+03
   2.4849240e+05   3.5175000e+03
   2.4849410e+05   3.5677000e+03
   2.4849580e+05   3.4976000e+03
   2.4849750e+05   3.3554000e+03
   2.4849910e+05   3.4370000e+03
   2.4850080e+05   3.1555000e+03
   2.4850250e+05   3.1645000e+03
   2.4850420e+05   3.0351000e+03
   2.4850580e+05   3.0654000e+03
   2.4850750e+05   3.2212000e+03
   2.4850990e+05   3.3291000e+03
   2.4851240e+05   3.1470000e+03
   2.4851480e+05   3.1491000e+03
   2.4851730e+05   3.4160000e+03
   2.4851970e+05   3.3573000e+03
   2.4852210e+05   3.3650000e+03
   2.4852460e+05   3.6828000e+03
   2.4852700e+05   3.9567000e+03
   2.4852950e+05   3.9656000e+03
   2.4853190e+05   3.9990000e+03
   2.4853430e+05   4.1777000e+03
   2.4853680e+05   4.0530000e+03
   2.4853920e+05   3.8712000e+03
   2.4854170e+05   4.0918000e+03
   2.4854410e+05   4.5371000e+03
   2.4854650e+05   5.3697000e+03
   2.4854900e+05   5.6138000e+03
   2.4855140e+05   5.3447000e+03
   2.4855390e+05   3.5971000e+03
   2.4855630e+05   3.1347000e+03
   2.4855870e+05   3.1200000e+03
   2.4856120e+05   3.3878000e+03
   2.4856360e+05   3.7478000e+03
   2.4856610e+05   4.4088000e+03
   2.4856850e+05   4.8369000e+03
   2.4857090e+05   4.6686000e+03
   2.4857340e+05   4.0520000e+03
   2.4857580e+05   3.8200000e+03
   2.4857830e+05   3.6453000e+03
   2.4858070e+05   3.8639000e+03
   2.4858310e+05   3.8013000e+03
   2.4858560e+05   4.1128000e+03
   2.4858800e+05   4.3080000e+03
   2.4859050e+05   3.6809000e+03
   2.4859290e+05   3.5750000e+03
   2.4859530e+05   3.7059000e+03
   2.4859780e+05   4.0956000e+03
   2.4860020e+05   3.5353000e+03
   2.4860270e+05   3.6545000e+03
   2.4860510e+05   4.8221000e+03
   2.4860750e+05   4.9660000e+03
   2.4861000e+05   5.0230000e+03
   2.4861240e+05   4.5545000e+03
   2.4861480e+05   4.5503000e+03
   2.4861730e+05   4.6622000e+03
   2.4861970e+05   4.2618000e+03
   2.4862220e+05   3.9328000e+03
   2.4862460e+05   3.9134000e+03
   2.4862700e+05   4.4639000e+03
   2.4862950e+05   4.4844000e+03
   2.4863190e+05   4.7886000e+03
   2.4863440e+05   3.7753000e+03
   2.4863680e+05   3.4015000e+03
   2.4863920e+05   2.8872000e+03
   2.4864170e+05   3.0215000e+03
   2.4864410e+05   3.4390000e+03
   2.4864660e+05   4.2261000e+03
   2.4864900e+05   5.1149000e+03
   2.4865140e+05   5.1728000e+03
   2.4865390e+05   5.2763000e+03
   2.4865630e+05   5.5134000e+03
   2.4865880e+05   5.7344000e+03
   2.4866120e+05   5.6676000e+03
   2.4866360e+05   5.7336000e+03
   2.4866610e+05   5.6851000e+03
   2.4866850e+05   5.5491000e+03
   2.4867100e+05   5.5762000e+03
   2.4867340e+05   5.4882000e+03
   2.4867580e+05   5.5142000e+03
   2.4867830e+05   5.6091000e+03
   2.4868070e+05   5.4943000e+03
   2.4868320e+05   5.2809000e+03
   2.4868560e+05   5.3969000e+03
   2.4868800e+05   5.3383000e+03
   2.4869050e+05   5.3581000e+03
   2.4869290e+05   5.4358000e+03
   2.4869540e+05   5.4230000e+03
   2.4869780e+05   5.6813000e+03
   2.4870020e+05   5.7377000e+03
   2.4870270e+05   5.7654000e+03
   2.4870510e+05   5.6392000e+03
   2.4870760e+05   5.8834000e+03
   2.4871000e+05   5.6404000e+03
   2.4871200e+05   5.6816000e+03
   2.4871610e+05   5.8163000e+03
   2.4872020e+05   5.9014000e+03
   2.4872430e+05   5.9510000e+03
   2.4872840e+05   5.7286000e+03
   2.4873250e+05   5.8242000e+03
   2.4873660e+05   5.6901000e+03
   2.4874070e+05   5.6428000e+03
   2.4874480e+05   5.6667000e+03
   2.4874890e+05   5.6359000e+03
   2.4875300e+05   5.6666000e+03
   2.4875710e+05   5.5416000e+03
   2.4876120e+05   4.9504000e+03
   2.4876530e+05   4.9330000e+03
   2.4876940e+05   5.3764000e+03
   2.4877350e+05   5.5419000e+03
   2.4877760e+05   5.5972000e+03
   2.4878170e+05   5.7000000e+03
   2.4878580e+05   5.6678000e+03
   2.4878990e+05   5.6990000e+03
   2.4879400e+05   5.6143000e+03
   2.4879810e+05   5.6700000e+03
   2.4880220e+05   5.7508000e+03
   2.4880630e+05   5.7915000e+03
   2.4881040e+05   5.9407000e+03
   2.4881450e+05   5.7920000e+03
   2.4881860e+05   5.7112000e+03
   2.4882270e+05   5.8524000e+03
   2.4882680e+05   5.6342000e+03
   2.4883090e+05   5.6223000e+03
   2.4883500e+05   5.6812000e+03
   2.4883910e+05   5.4394000e+03
   2.4884320e+05   5.7209000e+03
   2.4884730e+05   5.4027000e+03
   2.4885140e+05   5.5433000e+03
   2.4885550e+05   5.7058000e+03
   2.4885960e+05   5.7261000e+03
   2.4886370e+05   5.8320000e+03
   2.4886780e+05   5.6974000e+03
   2.4887190e+05   5.4190000e+03
   2.4887600e+05   5.5925000e+03
   2.4888010e+05   5.7841000e+03
   2.4888420e+05   5.6694000e+03
   2.4888830e+05   5.8968000e+03
   2.4889240e+05   5.9988000e+03
   2.4889650e+05   5.7910000e+03
   2.4890060e+05   5.4169000e+03
   2.4890470e+05   5.0566000e+03
   2.4890880e+05   5.0304000e+03
   2.4891290e+05   5.4307000e+03
   2.4891700e+05   5.3592000e+03
   2.4892110e+05   5.5090000e+03
   2.4892520e+05   5.2829000e+03
   2.4892930e+05   5.0436000e+03
   2.4893340e+05   4.9182000e+03
   2.4893750e+05   5.1729000e+03
   2.4894160e+05   5.3615000e+03
   2.4894570e+05   5.3480000e+03
   2.4894980e+05   5.5018000e+03
   2.4895390e+05   5.3227000e+03
   2.4895800e+05   5.2901000e+03
   2.4896210e+05   5.4067000e+03
   2.4896620e+05   5.4317000e+03
   2.4897030e+05   5.4559000e+03
   2.4897440e+05   5.3644000e+03
   2.4897850e+05   5.5295000e+03
   2.4898260e+05   5.6964000e+03
   2.4898670e+05   5.6075000e+03
   2.4899080e+05   5.5907000e+03
   2.4899490e+05   5.7897000e+03
   2.4899900e+05   5.8650000e+03
   2.4900310e+05   5.5470000e+03
   2.4900720e+05   5.3385000e+03
   2.4901130e+05   5.4769000e+03
   2.4901540e+05   5.5313000e+03
   2.4901950e+05   5.4255000e+03
   2.4902370e+05   5.5892000e+03
   2.4902780e+05   5.6553000e+03
   2.4903190e+05   5.4695000e+03
   2.4903600e+05   5.7011000e+03
   2.4904010e+05   5.4485000e+03
   2.4904420e+05   5.4610000e+03
   2.4904830e+05   5.4724000e+03
   2.4905240e+05   5.4991000e+03
   2.4905650e+05   5.5641000e+03
   2.4906060e+05   5.5244000e+03
   2.4906470e+05   5.6507000e+03
   2.4906880e+05   5.6067000e+03
   2.4907290e+05   5.5231000e+03
   2.4907700e+05   5.6468000e+03
   2.4908110e+05   5.4048000e+03
   2.4908520e+05   5.5710000e+03
   2.4908930e+05   5.5417000e+03
   2.4909340e+05   5.5603000e+03
   2.4909750e+05   5.6780000e+03
   2.4910160e+05   5.7294000e+03
   2.4910570e+05   5.6854000e+03
   2.4910980e+05   5.7838000e+03
   2.4911390e+05   5.6321000e+03
   2.4911800e+05   5.8552000e+03
   2.4912100e+05   5.5804000e+03
   2.4912400e+05   5.5765000e+03
   2.4912710e+05   5.4106000e+03
   2.4913010e+05   5.5530000e+03
   2.4913320e+05   5.3121000e+03
   2.4913620e+05   5.5678000e+03
   2.4913930e+05   5.3949000e+03
   2.4914230e+05   5.5730000e+03
   2.4914530e+05   5.4066000e+03
   2.4914840e+05   5.3414000e+03
   2.4915140e+05   5.2911000e+03
   2.4915450e+05   5.5184000e+03
   2.4915750e+05   5.3909000e+03
   2.4916060e+05   5.3633000e+03
   2.4916360e+05   5.4136000e+03
   2.4916660e+05   5.4527000e+03
   2.4916970e+05   5.5209000e+03
   2.4917270e+05   5.5157000e+03
   2.4917580e+05   5.6780000e+03
   2.4917880e+05   5.4213000e+03
   2.4918180e+05   5.4870000e+03
   2.4918490e+05   5.3878000e+03
   2.4918790e+05   5.2660000e+03
   2.4919100e+05   4.9861000e+03
   2.4919400e+05   5.4494000e+03
   2.4919710e+05   5.5876000e+03
   2.4920010e+05   5.4597000e+03
   2.4920310e+05   5.3553000e+03
   2.4920620e+05   5.2566000e+03
   2.4920920e+05   5.4032000e+03
   2.4921230e+05   5.3981000e+03
   2.4921530e+05   5.4000000e+03
   2.4921840e+05   5.2241000e+03
   2.4922140e+05   5.1643000e+03
   2.4922440e+05   5.3676000e+03
   2.4922750e+05   5.2817000e+03
   2.4923050e+05   5.1988000e+03
   2.4923360e+05   5.1148000e+03
   2.4923660e+05   4.9967000e+03
   2.4923960e+05   4.9998000e+03
   2.4924270e+05   5.0543000e+03
   2.4924570e+05   5.1216000e+03
   2.4924880e+05   5.0280000e+03
   2.4925180e+05   4.6004000e+03
   2.4925490e+05   4.7236000e+03
   2.4925790e+05   4.8454000e+03
   2.4926090e+05   4.7455000e+03
   2.4926400e+05   4.6796000e+03
   2.4926700e+05   4.6235000e+03
   2.4927010e+05   4.7087000e+03
   2.4927310e+05   4.9251000e+03
   2.4927620e+05   4.9368000e+03
   2.4927920e+05   5.0867000e+03
   2.4928220e+05   4.9842000e+03
   2.4928530e+05   4.8950000e+03
   2.4928830e+05   4.8543000e+03
   2.4929140e+05   4.9160000e+03
   2.4929440e+05   4.7743000e+03
   2.4929740e+05   4.8645000e+03
   2.4930050e+05   5.1735000e+03
   2.4930350e+05   5.3112000e+03
   2.4930660e+05   5.4686000e+03
   2.4930960e+05   5.4462000e+03
   2.4931270e+05   5.1737000e+03
   2.4931570e+05   5.1351000e+03
   2.4931870e+05   4.9569000e+03
   2.4932180e+05   4.7051000e+03
   2.4932480e+05   4.5911000e+03
   2.4932790e+05   4.4540000e+03
   2.4933090e+05   4.0575000e+03
   2.4933390e+05   4.4061000e+03
   2.4933700e+05   5.1318000e+03
   2.4934000e+05   5.4419000e+03
   2.4934610e+05   5.4904000e+03
   2.4934920e+05   4.8981000e+03
   2.4935220e+05   4.6757000e+03
   2.4935520e+05   4.5563000e+03
   2.4935830e+05   4.4397000e+03
   2.4936130e+05   4.1029000e+03
   2.4936440e+05   4.1679000e+03
   2.4936740e+05   4.2967000e+03
   2.4937050e+05   4.8398000e+03
   2.4937350e+05   4.9568000e+03
   2.4937650e+05   4.9820000e+03
   2.4937960e+05   4.9150000e+03
   2.4938260e+05   4.6669000e+03
   2.4938570e+05   4.5552000e+03
   2.4938870e+05   4.2794000e+03
   2.4939170e+05   4.2969000e+03
   2.4939480e+05   4.3224000e+03
   2.4939780e+05   4.5935000e+03
   2.4940090e+05   4.7479000e+03
   2.4940390e+05   4.6671000e+03
   2.4940700e+05   4.7502000e+03
   2.4941000e+05   4.8590000e+03
   2.4941300e+05   4.9008000e+03
   2.4941610e+05   4.8834000e+03
   2.4941910e+05   4.8646000e+03
   2.4942220e+05   4.6963000e+03
   2.4942520e+05   4.6714000e+03
   2.4942830e+05   4.5723000e+03
   2.4943130e+05   4.3609000e+03
   2.4943430e+05   4.2601000e+03
   2.4943740e+05   4.2295000e+03
   2.4944040e+05   4.7257000e+03
   2.4944350e+05   4.9094000e+03
   2.4944650e+05   4.9454000e+03
   2.4944950e+05   4.9015000e+03
   2.4945260e+05   4.9779000e+03
   2.4945560e+05   4.7713000e+03
   2.4945870e+05   4.6723000e+03
   2.4946170e+05   4.4901000e+03
   2.4946480e+05   4.4331000e+03
   2.4946780e+05   4.2356000e+03
   2.4947080e+05   4.5908000e+03
   2.4947390e+05   4.7248000e+03
   2.4947690e+05   4.8646000e+03
   2.4948000e+05   4.9013000e+03
   2.4948300e+05   4.6852000e+03
   2.4948610e+05   4.3875000e+03
   2.4948910e+05   4.4109000e+03
   2.4949210e+05   4.3634000e+03
   2.4949520e+05   4.4041000e+03
   2.4949820e+05   4.3858000e+03
   2.4950130e+05   4.0463000e+03
   2.4950430e+05   4.0440000e+03
   2.4950730e+05   4.4556000e+03
   2.4951040e+05   4.8502000e+03
   2.4951340e+05   5.1949000e+03
   2.4951650e+05   4.9558000e+03
   2.4951950e+05   4.9358000e+03
   2.4952260e+05   4.5795000e+03
   2.4952560e+05   4.5282000e+03
   2.4952880e+05   4.1601000e+03
   2.4953680e+05   4.4823000e+03
   2.4954080e+05   4.7962000e+03
   2.4954480e+05   4.7742000e+03
   2.4954880e+05   4.6995000e+03
   2.4955280e+05   4.7056000e+03
   2.4955670e+05   4.3236000e+03
   2.4956070e+05   4.1896000e+03
   2.4956470e+05   4.2995000e+03
   2.4956870e+05   4.1484000e+03
   2.4957270e+05   4.3216000e+03
   2.4957670e+05   4.2376000e+03
   2.4958070e+05   4.1380000e+03
   2.4958470e+05   4.2201000e+03
   2.4958860e+05   4.2395000e+03
   2.4959260e+05   3.9562000e+03
   2.4959660e+05   4.1838000e+03
   2.4960060e+05   4.0855000e+03
   2.4960460e+05   4.7089000e+03
   2.4960860e+05   4.5968000e+03
   2.4961260e+05   4.6537000e+03
   2.4961660e+05   4.5156000e+03
   2.4962050e+05   4.2404000e+03
   2.4962450e+05   3.9718000e+03
   2.4962850e+05   4.0591000e+03
   2.4963250e+05   4.5535000e+03
   2.4963650e+05   4.6348000e+03
   2.4964050e+05   4.4568000e+03
   2.4964450e+05   4.2596000e+03
   2.4964850e+05   4.3282000e+03
   2.4965040e+05   4.1998000e+03
   2.4965240e+05   4.2347000e+03
   2.4965640e+05   4.0910000e+03
   2.4966040e+05   3.7059000e+03
   2.4966440e+05   3.9804000e+03
   2.4966840e+05   4.2799000e+03
   2.4967240e+05   4.4087000e+03
   2.4967640e+05   4.5984000e+03
   2.4968040e+05   4.7028000e+03
   2.4968430e+05   4.2070000e+03
   2.4968830e+05   4.1162000e+03
   2.4969230e+05   3.0717000e+03
   2.4969630e+05   3.4537000e+03
   2.4970030e+05   3.6924000e+03
   2.4970430e+05   3.6821000e+03
   2.4970830e+05   3.7378000e+03
   2.4971230e+05   3.5384000e+03
   2.4971620e+05   3.4998000e+03
   2.4972020e+05   3.7871000e+03
   2.4972420e+05   4.0820000e+03
   2.4972820e+05   4.0097000e+03
   2.4973220e+05   4.0534000e+03
   2.4973620e+05   4.2246000e+03
   2.4974020e+05   4.5348000e+03
   2.4974410e+05   4.5447000e+03
   2.4974810e+05   4.1234000e+03
   2.4975210e+05   3.5856000e+03
   2.4975590e+05   3.4966000e+03
   2.4975940e+05   3.8769000e+03
   2.4976290e+05   4.0074000e+03
   2.4976640e+05   4.0218000e+03
   2.4976990e+05   3.9780000e+03
   2.4977340e+05   3.8487000e+03
   2.4977700e+05   3.5291000e+03
   2.4978050e+05   3.7142000e+03
   2.4978400e+05   3.9408000e+03
   2.4978750e+05   4.6493000e+03
   2.4979100e+05   4.9841000e+03
   2.4979450e+05   4.5843000e+03
   2.4979800e+05   4.1198000e+03
   2.4980150e+05   4.4203000e+03
   2.4980510e+05   4.8465000e+03
   2.4980860e+05   4.9809000e+03
   2.4981210e+05   4.8613000e+03
   2.4981560e+05   4.3017000e+03
   2.4981910e+05   4.2276000e+03
   2.4982260e+05   5.0680000e+03
   2.4982610e+05   5.0397000e+03
   2.4982960e+05   4.9280000e+03
   2.4983320e+05   4.8394000e+03
   2.4983670e+05   4.6710000e+03
   2.4984020e+05   4.2980000e+03
   2.4984370e+05   3.7259000e+03
   2.4984720e+05   4.0283000e+03
   2.4985070e+05   4.1816000e+03
   2.4985420e+05   4.1500000e+03
   2.4985770e+05   4.4664000e+03
   2.4986130e+05   4.6507000e+03
   2.4986480e+05   4.6809000e+03
   2.4986830e+05   4.1769000e+03
   2.4987180e+05   3.0780000e+03
   2.4987530e+05   3.6546000e+03
   2.4987880e+05   3.5709000e+03
   2.4988230e+05   3.3909000e+03
   2.4988580e+05   3.5783000e+03
   2.4988940e+05   3.6924000e+03
   2.4989290e+05   5.0660000e+03
   2.4989640e+05   5.5630000e+03
   2.4989990e+05   5.2713000e+03
   2.4990340e+05   5.5836000e+03
   2.4990690e+05   5.7159000e+03
   2.4991040e+05   5.7962000e+03
   2.4991390e+05   5.8620000e+03
   2.4991760e+05   5.9494000e+03
   2.4992160e+05   5.2934000e+03
   2.4992560e+05   5.2567000e+03
   2.4992960e+05   5.2658000e+03
   2.4993360e+05   5.5787000e+03
   2.4993760e+05   5.3790000e+03
   2.4994160e+05   5.7245000e+03
   2.4994560e+05   5.3939000e+03
   2.4994960e+05   5.0698000e+03
   2.4995370e+05   4.7530000e+03
   2.4995770e+05   4.4493000e+03
   2.4996170e+05   4.1145000e+03
   2.4996570e+05   3.8831000e+03
   2.4996970e+05   3.5616000e+03
   2.4997370e+05   4.4693000e+03
   2.4997770e+05   5.2534000e+03
   2.4998170e+05   4.3175000e+03
   2.4998570e+05   4.3897000e+03
   2.4998970e+05   4.5894000e+03
   2.4999370e+05   5.0302000e+03
   2.4999770e+05   5.0073000e+03
   2.5000170e+05   5.4834000e+03
   2.5000570e+05   5.0123000e+03
   2.5000970e+05   4.9851000e+03
   2.5001370e+05   5.1811000e+03
   2.5001770e+05   4.9168000e+03
   2.5002170e+05   4.2690000e+03
   2.5002570e+05   3.9910000e+03
   2.5002970e+05   4.0058000e+03
   2.5003370e+05   4.4255000e+03
   2.5003790e+05   4.9755000e+03
   2.5004240e+05   4.9136000e+03
   2.5004700e+05   4.1849000e+03
   2.5005150e+05   4.0075000e+03
   2.5005610e+05   3.5186000e+03
   2.5006060e+05   3.6504000e+03
   2.5006520e+05   4.1059000e+03
   2.5006980e+05   4.6551000e+03
   2.5007430e+05   4.4876000e+03
   2.5007890e+05   4.3257000e+03
   2.5008340e+05   3.9235000e+03
   2.5008800e+05   3.7458000e+03
   2.5009250e+05   4.1686000e+03
   2.5009710e+05   4.0315000e+03
   2.5010170e+05   4.3247000e+03
   2.5010620e+05   4.9714000e+03
   2.5011080e+05   5.2839000e+03
   2.5011530e+05   5.2872000e+03
   2.5011990e+05   4.6545000e+03
   2.5012440e+05   3.3449000e+03
   2.5012900e+05   3.7288000e+03
   2.5013360e+05   4.2750000e+03
   2.5013810e+05   4.4907000e+03
   2.5014270e+05   4.5656000e+03
   2.5014720e+05   4.6081000e+03
   2.5015180e+05   4.3415000e+03
   2.5015630e+05   3.4987000e+03
   2.5016090e+05   3.7597000e+03
   2.5016550e+05   4.3061000e+03
   2.5017010e+05   4.6240000e+03
   2.5017490e+05   4.6001000e+03
   2.5017970e+05   4.6669000e+03
   2.5018450e+05   4.8865000e+03
   2.5018920e+05   5.3099000e+03
   2.5019400e+05   5.3720000e+03
   2.5019880e+05   4.7384000e+03
   2.5020360e+05   4.6449000e+03
   2.5020840e+05   5.1435000e+03
   2.5021320e+05   4.9276000e+03
   2.5021790e+05   4.7071000e+03
   2.5022270e+05   4.8139000e+03
   2.5022750e+05   4.7102000e+03
   2.5023230e+05   4.6702000e+03
   2.5023710e+05   4.8057000e+03
   2.5024180e+05   5.0309000e+03
   2.5024660e+05   4.6297000e+03
   2.5025140e+05   4.1761000e+03
   2.5025620e+05   3.6863000e+03
   2.5026100e+05   3.8443000e+03
   2.5026580e+05   4.7586000e+03
   2.5027050e+05   4.7600000e+03
   2.5027530e+05   4.6540000e+03
   2.5028010e+05   4.5101000e+03
   2.5028490e+05   3.6747000e+03
   2.5028970e+05   3.3742000e+03
   2.5029440e+05   4.7443000e+03
   2.5029920e+05   5.0994000e+03
   2.5030390e+05   5.0178000e+03
   2.5030860e+05   5.0419000e+03
   2.5031340e+05   5.2586000e+03
   2.5031770e+05   4.4622000e+03
   2.5032180e+05   4.3179000e+03
   2.5032580e+05   4.5035000e+03
   2.5032990e+05   4.0280000e+03
   2.5033400e+05   4.3974000e+03
   2.5033800e+05   4.7317000e+03
   2.5034210e+05   5.0000000e+03
   2.5034620e+05   4.6240000e+03
   2.5035020e+05   4.0943000e+03
   2.5035460e+05   3.9355000e+03
   2.5035920e+05   4.6289000e+03
   2.5036370e+05   4.7555000e+03
   2.5036830e+05   4.9002000e+03
   2.5037280e+05   5.4498000e+03
   2.5037740e+05   5.4016000e+03
   2.5038190e+05   5.3743000e+03
   2.5038650e+05   4.8078000e+03
   2.5039100e+05   4.5976000e+03
   2.5039560e+05   3.9921000e+03
   2.5040010e+05   4.2144000e+03
   2.5040470e+05   4.5896000e+03
   2.5040990e+05   4.6683000e+03
   2.5041570e+05   5.1089000e+03
   2.5042160e+05   5.1959000e+03
   2.5042750e+05   4.7977000e+03
   2.5043340e+05   4.8908000e+03
   2.5043920e+05   4.5746000e+03
   2.5044510e+05   4.0860000e+03
   2.5045100e+05   4.1101000e+03
   2.5045690e+05   3.9355000e+03
   2.5046270e+05   4.1973000e+03
   2.5046860e+05   4.5248000e+03
   2.5047380e+05   4.8050000e+03
   2.5047880e+05   4.8258000e+03
   2.5048370e+05   4.1193000e+03
   2.5048870e+05   3.4830000e+03
   2.5049370e+05   4.1516000e+03
   2.5049870e+05   4.6163000e+03
   2.5050350e+05   4.4515000e+03
   2.5050810e+05   4.4984000e+03
   2.5051270e+05   4.6137000e+03
   2.5051730e+05   3.7100000e+03
   2.5052190e+05   3.5677000e+03
   2.5052660e+05   3.7719000e+03
   2.5053120e+05   4.1710000e+03
   2.5053550e+05   4.6483000e+03
   2.5053940e+05   4.7017000e+03
   2.5054320e+05   4.5785000e+03
   2.5054710e+05   4.4902000e+03
   2.5055100e+05   4.1329000e+03
   2.5055490e+05   3.8630000e+03
   2.5055880e+05   3.8507000e+03
   2.5056270e+05   4.4072000e+03
   2.5056660e+05   4.3306000e+03
   2.5057110e+05   4.4989000e+03
   2.5057560e+05   4.4757000e+03
   2.5058010e+05   4.3662000e+03
   2.5058460e+05   4.3811000e+03
   2.5058920e+05   4.1500000e+03
   2.5059370e+05   4.0395000e+03
   2.5059820e+05   4.0482000e+03
   2.5060270e+05   4.4277000e+03
   2.5060740e+05   4.5674000e+03
   2.5061370e+05   4.6285000e+03
   2.5062000e+05   4.7243000e+03
   2.5062630e+05   4.6346000e+03
   2.5063260e+05   4.8747000e+03
   2.5063900e+05   4.9538000e+03
   2.5064530e+05   4.8039000e+03
   2.5065160e+05   4.5502000e+03
   2.5065790e+05   4.3135000e+03
   2.5066420e+05   4.8119000e+03
   2.5067050e+05   5.1402000e+03
   2.5067550e+05   5.0659000e+03
   2.5067920e+05   5.0011000e+03
   2.5068280e+05   4.6462000e+03
   2.5068650e+05   4.5201000e+03
   2.5069010e+05   4.3110000e+03
   2.5069380e+05   4.4046000e+03
   2.5069750e+05   4.8153000e+03
   2.5070110e+05   4.7185000e+03
   2.5070480e+05   4.6829000e+03
   2.5070840e+05   4.5885000e+03
   2.5071210e+05   4.6134000e+03
   2.5071580e+05   4.4749000e+03
   2.5071940e+05   4.3483000e+03
   2.5072310e+05   4.3604000e+03
   2.5072670e+05   4.7024000e+03
   2.5073040e+05   4.4278000e+03
   2.5073400e+05   4.4561000e+03
   2.5073770e+05   4.5602000e+03
   2.5074140e+05   4.7143000e+03
   2.5074500e+05   4.7124000e+03
   2.5074870e+05   4.9266000e+03
   2.5075230e+05   4.7673000e+03
   2.5075540e+05   4.4682000e+03
   2.5075830e+05   4.2027000e+03
   2.5076120e+05   4.4495000e+03
   2.5076410e+05   4.7054000e+03
   2.5076700e+05   4.7776000e+03
   2.5076980e+05   4.6957000e+03
   2.5077270e+05   4.2069000e+03
   2.5077560e+05   4.0941000e+03
   2.5077850e+05   3.8600000e+03
   2.5078130e+05   3.6716000e+03
   2.5078420e+05   3.2434000e+03
   2.5078710e+05   3.7126000e+03
   2.5079000e+05   4.7895000e+03
   2.5079280e+05   5.0499000e+03
   2.5079610e+05   5.1330000e+03
   2.5079960e+05   4.4581000e+03
   2.5080300e+05   3.9455000e+03
   2.5080650e+05   3.9796000e+03
   2.5081000e+05   3.8391000e+03
   2.5081350e+05   4.2060000e+03
   2.5081690e+05   4.6828000e+03
   2.5082040e+05   4.6677000e+03
   2.5082390e+05   4.8393000e+03
   2.5082740e+05   4.4870000e+03
   2.5083080e+05   4.3681000e+03
   2.5083430e+05   4.0981000e+03
   2.5083780e+05   4.3158000e+03
   2.5084130e+05   4.7331000e+03
   2.5084470e+05   4.7210000e+03
   2.5084820e+05   4.4779000e+03
   2.5085170e+05   4.5911000e+03
   2.5085520e+05   4.2165000e+03
   2.5085860e+05   3.9269000e+03
   2.5086210e+05   3.8434000e+03
   2.5086560e+05   4.0330000e+03
   2.5086910e+05   3.9647000e+03
   2.5087250e+05   3.4119000e+03
   2.5087600e+05   3.1942000e+03
   2.5087950e+05   2.8730000e+03
   2.5088300e+05   3.1347000e+03
   2.5088640e+05   3.6441000e+03
   2.5088990e+05   4.2713000e+03
   2.5089340e+05   4.7973000e+03
   2.5089680e+05   4.5381000e+03
   2.5090030e+05   4.2585000e+03
   2.5090380e+05   3.6548000e+03
   2.5090730e+05   3.4780000e+03
   2.5091070e+05   3.3335000e+03
   2.5091420e+05   3.1587000e+03
   2.5091770e+05   3.4997000e+03
   2.5092120e+05   4.0765000e+03
   2.5092460e+05   4.3952000e+03
   2.5092810e+05   4.4522000e+03
   2.5093160e+05   4.1513000e+03
   2.5093510e+05   3.8107000e+03
   2.5093850e+05   3.8755000e+03
   2.5094430e+05   3.4715000e+03
   2.5094800e+05   3.4433000e+03
   2.5095170e+05   3.5008000e+03
   2.5095540e+05   4.2175000e+03
   2.5095910e+05   4.8048000e+03
   2.5096280e+05   4.8563000e+03
   2.5096650e+05   4.8276000e+03
   2.5097020e+05   4.5193000e+03
   2.5097390e+05   4.2833000e+03
   2.5097760e+05   3.8935000e+03
   2.5098120e+05   3.4548000e+03
   2.5098490e+05   3.4727000e+03
   2.5098860e+05   3.4349000e+03
   2.5099230e+05   3.5029000e+03
   2.5099600e+05   3.5206000e+03
   2.5099970e+05   3.7731000e+03
   2.5100340e+05   3.8821000e+03
   2.5100710e+05   3.8787000e+03
   2.5101080e+05   4.5518000e+03
   2.5101450e+05   3.6967000e+03
   2.5101820e+05   3.9500000e+03
   2.5102190e+05   3.9699000e+03
   2.5102560e+05   3.8923000e+03
   2.5102920e+05   4.1431000e+03
   2.5103290e+05   4.1750000e+03
   2.5103660e+05   4.3536000e+03
   2.5104030e+05   4.3293000e+03
   2.5104400e+05   4.4413000e+03
   2.5104770e+05   4.3249000e+03
   2.5105140e+05   4.1757000e+03
   2.5105510e+05   4.2782000e+03
   2.5105880e+05   4.1710000e+03
   2.5106250e+05   4.3484000e+03
   2.5106620e+05   3.8032000e+03
   2.5106990e+05   3.8725000e+03
   2.5107350e+05   3.8179000e+03
   2.5107720e+05   3.7499000e+03
   2.5108090e+05   3.9546000e+03
   2.5108460e+05   4.2246000e+03
   2.5108830e+05   4.2089000e+03
   2.5109200e+05   4.0883000e+03
   2.5109570e+05   4.3099000e+03
   2.5109940e+05   3.8589000e+03
   2.5110310e+05   3.6598000e+03
   2.5110680e+05   3.5971000e+03
   2.5111050e+05   4.4244000e+03
   2.5111420e+05   4.4059000e+03
   2.5111780e+05   4.4579000e+03
   2.5112150e+05   4.6382000e+03
   2.5112520e+05   4.6624000e+03
   2.5112890e+05   4.5905000e+03
   2.5113260e+05   4.5656000e+03
   2.5113630e+05   4.5857000e+03
   2.5114000e+05   4.3329000e+03
   2.5114340e+05   4.4985000e+03
   2.5114680e+05   4.5924000e+03
   2.5115020e+05   4.7095000e+03
   2.5115360e+05   4.8913000e+03
   2.5115700e+05   4.4352000e+03
   2.5116040e+05   4.2684000e+03
   2.5116390e+05   4.6096000e+03
   2.5116730e+05   4.6396000e+03
   2.5117070e+05   4.6532000e+03
   2.5117410e+05   4.1902000e+03
   2.5117750e+05   4.1205000e+03
   2.5118090e+05   4.0708000e+03
   2.5118430e+05   4.1408000e+03
   2.5118770e+05   3.7877000e+03
   2.5119110e+05   3.7394000e+03
   2.5119450e+05   3.6934000e+03
   2.5119790e+05   3.8651000e+03
   2.5120130e+05   4.0642000e+03
   2.5120480e+05   4.4917000e+03
   2.5120820e+05   4.2477000e+03
   2.5121160e+05   4.3431000e+03
   2.5121500e+05   4.0898000e+03
   2.5121840e+05   4.0750000e+03
   2.5122180e+05   4.3307000e+03
   2.5122520e+05   4.3382000e+03
   2.5122860e+05   4.3000000e+03
   2.5123200e+05   4.1807000e+03
   2.5123540e+05   4.3472000e+03
   2.5123880e+05   4.2874000e+03
   2.5124220e+05   4.3922000e+03
   2.5124560e+05   4.5829000e+03
   2.5124910e+05   4.3454000e+03
   2.5125250e+05   4.2227000e+03
   2.5125590e+05   4.2132000e+03
   2.5125930e+05   4.0320000e+03
   2.5126270e+05   4.1233000e+03
   2.5126610e+05   4.0142000e+03
   2.5126950e+05   4.3203000e+03
   2.5127290e+05   4.7129000e+03
   2.5127630e+05   4.9770000e+03
   2.5127970e+05   4.8269000e+03
   2.5128310e+05   4.6654000e+03
   2.5128650e+05   4.3948000e+03
   2.5128990e+05   3.8497000e+03
   2.5129340e+05   4.0664000e+03
   2.5129680e+05   4.0063000e+03
   2.5130020e+05   4.3666000e+03
   2.5130360e+05   4.1061000e+03
   2.5130700e+05   4.3087000e+03
   2.5131040e+05   4.2308000e+03
   2.5131380e+05   4.2152000e+03
   2.5131720e+05   3.9910000e+03
   2.5132060e+05   3.9207000e+03
   2.5132400e+05   3.9497000e+03
   2.5132740e+05   3.9640000e+03
   2.5133080e+05   4.0683000e+03
   2.5133430e+05   4.0113000e+03
   2.5133770e+05   3.8673000e+03
   2.5134110e+05   3.8326000e+03
   2.5134450e+05   3.7792000e+03
   2.5134780e+05   3.8516000e+03
   2.5135120e+05   4.1575000e+03
   2.5135460e+05   4.4289000e+03
   2.5135800e+05   4.3674000e+03
   2.5136140e+05   4.2493000e+03
   2.5136310e+05   4.3732000e+03
   2.5136470e+05   4.7887000e+03
   2.5136810e+05   4.8079000e+03
   2.5137150e+05   4.7638000e+03
   2.5137490e+05   4.7000000e+03
   2.5137830e+05   4.7038000e+03
   2.5138160e+05   4.6370000e+03
   2.5138500e+05   4.7189000e+03
   2.5138840e+05   4.9672000e+03
   2.5139180e+05   4.8849000e+03
   2.5139860e+05   4.8342000e+03
   2.5140190e+05   4.6240000e+03
   2.5140530e+05   4.5900000e+03
   2.5140870e+05   4.5965000e+03
   2.5141210e+05   4.7132000e+03
   2.5141550e+05   4.5845000e+03
   2.5141880e+05   4.2894000e+03
   2.5142220e+05   4.4384000e+03
   2.5142560e+05   4.2770000e+03
   2.5142900e+05   4.0697000e+03
   2.5143240e+05   4.0244000e+03
   2.5143570e+05   3.9810000e+03
   2.5143910e+05   3.8673000e+03
   2.5144250e+05   3.9426000e+03
   2.5147640e+05   3.9558000e+03
   2.5151030e+05   4.1573000e+03
   2.5154420e+05   4.3798000e+03
   2.5157810e+05   4.3229000e+03
   2.5161190e+05   4.3483000e+03
   2.5164580e+05   4.2163000e+03
   2.5167970e+05   3.9546000e+03
   2.5171360e+05   4.1459000e+03
   2.5174750e+05   4.3633000e+03
   2.5175590e+05   4.2781000e+03
   2.5176440e+05   3.9810000e+03
   2.5177280e+05   3.9295000e+03
   2.5178120e+05   4.3132000e+03
   2.5178970e+05   4.3910000e+03
   2.5179810e+05   4.9915000e+03
   2.5180660e+05   5.2799000e+03
   2.5181500e+05   5.3650000e+03
   2.5182340e+05   5.1393000e+03
   2.5183190e+05   4.7359000e+03
   2.5184030e+05   4.6804000e+03
   2.5184870e+05   4.6932000e+03
   2.5185720e+05   5.2242000e+03
   2.5186560e+05   5.0116000e+03
   2.5187410e+05   5.2900000e+03
   2.5188250e+05   5.3640000e+03
   2.5189090e+05   5.4599000e+03
   2.5189940e+05   5.7424000e+03
   2.5190780e+05   7.0248000e+03
   2.5191630e+05   7.3684000e+03
   2.5192470e+05   7.2181000e+03
   2.5193310e+05   7.3473000e+03
   2.5194160e+05   7.4524000e+03
   2.5195000e+05   7.3920000e+03
   2.5196190e+05   7.6115000e+03
   2.5197380e+05   7.7098000e+03
   2.5198570e+05   7.5945000e+03
   2.5199760e+05   7.5907000e+03
   2.5200960e+05   7.7514000e+03
   2.5202150e+05   7.6600000e+03
   2.5203340e+05   7.6599000e+03
   2.5204530e+05   7.0399000e+03
   2.5205720e+05   6.2107000e+03
   2.5206910e+05   6.2108000e+03
   2.5208100e+05   5.9332000e+03
   2.5209290e+05   5.8145000e+03
   2.5210490e+05   5.9753000e+03
   2.5211680e+05   6.0613000e+03
   2.5212870e+05   5.9710000e+03
   2.5214060e+05   5.9772000e+03
   2.5215250e+05   6.0272000e+03
   2.5216440e+05   6.2566000e+03
   2.5217630e+05   6.3039000e+03
   2.5218820e+05   6.1898000e+03
   2.5220010e+05   6.1091000e+03
   2.5221210e+05   5.7911000e+03
   2.5222400e+05   5.7112000e+03
   2.5223590e+05   5.8392000e+03
   2.5224780e+05   5.5782000e+03
   2.5225970e+05   5.9225000e+03
   2.5227160e+05   6.1455000e+03
   2.5228350e+05   6.2007000e+03
   2.5229540e+05   6.3766000e+03
   2.5230740e+05   6.2423000e+03
   2.5231930e+05   6.4972000e+03
   2.5233120e+05   6.6667000e+03
   2.5234310e+05   6.6184000e+03
   2.5235500e+05   6.5187000e+03
   2.5236590e+05   6.7581000e+03
   2.5237690e+05   7.0903000e+03
   2.5238780e+05   6.9537000e+03
   2.5239880e+05   6.9997000e+03
   2.5240970e+05   6.2551000e+03
   2.5242070e+05   5.9109000e+03
   2.5243160e+05   6.0643000e+03
   2.5244260e+05   6.1304000e+03
   2.5245350e+05   5.9798000e+03
   2.5246450e+05   5.9988000e+03
   2.5247540e+05   6.0422000e+03
   2.5248640e+05   6.0822000e+03
   2.5249730e+05   5.9857000e+03
   2.5250820e+05   6.0161000e+03
   2.5251920e+05   5.8513000e+03
   2.5253010e+05   5.7176000e+03
   2.5254110e+05   5.2257000e+03
   2.5255200e+05   5.2276000e+03
   2.5256090e+05   5.1964000e+03
   2.5256780e+05   5.4118000e+03
   2.5257470e+05   5.9548000e+03
   2.5258150e+05   6.0383000e+03
   2.5258840e+05   6.4114000e+03
   2.5259530e+05   6.4965000e+03
   2.5260210e+05   6.9233000e+03
   2.5260900e+05   7.1821000e+03
   2.5261580e+05   7.9121000e+03
   2.5262270e+05   8.2826000e+03
   2.5262960e+05   7.1347000e+03
   2.5263640e+05   6.5560000e+03
   2.5264330e+05   6.2828000e+03
   2.5265020e+05   6.4564000e+03
   2.5265700e+05   6.9290000e+03
   2.5266390e+05   6.9603000e+03
   2.5267080e+05   7.2584000e+03
   2.5267760e+05   6.8424000e+03
   2.5268450e+05   6.6340000e+03
   2.5269140e+05   6.4239000e+03
   2.5269820e+05   6.3555000e+03
   2.5270510e+05   6.4113000e+03
   2.5271190e+05   7.6197000e+03
   2.5271880e+05   8.0776000e+03
   2.5272570e+05   7.7586000e+03
   2.5273250e+05   7.6210000e+03
   2.5273940e+05   7.3333000e+03
   2.5274630e+05   7.1071000e+03
   2.5275310e+05   6.7769000e+03
   2.5276000e+05   6.7109000e+03
   2.5276550e+05   6.6444000e+03
   2.5277110e+05   7.5596000e+03
   2.5277660e+05   7.6167000e+03
   2.5278210e+05   8.3066000e+03
   2.5278770e+05   7.7048000e+03
   2.5279320e+05   8.0993000e+03
   2.5279870e+05   6.8577000e+03
   2.5280430e+05   6.3016000e+03
   2.5280980e+05   6.5629000e+03
   2.5281530e+05   6.2737000e+03
   2.5282090e+05   6.2414000e+03
   2.5282640e+05   6.1575000e+03
   2.5283190e+05   6.8116000e+03
   2.5283750e+05   6.7550000e+03
   2.5284300e+05   6.7087000e+03
   2.5284850e+05   6.4059000e+03
   2.5285410e+05   6.7378000e+03
   2.5285960e+05   7.1036000e+03
   2.5286510e+05   7.1396000e+03
   2.5287070e+05   7.0243000e+03
   2.5287340e+05   6.9790000e+03
   2.5287620e+05   6.2982000e+03
   2.5287900e+05   6.1513000e+03
   2.5288170e+05   6.2571000e+03
   2.5288450e+05   6.4668000e+03
   2.5288730e+05   6.3716000e+03
   2.5289000e+05   6.1391000e+03
   2.5289280e+05   6.1533000e+03
   2.5289560e+05   6.1385000e+03
   2.5289830e+05   6.5134000e+03
   2.5290110e+05   6.5589000e+03
   2.5290390e+05   6.3978000e+03
   2.5290660e+05   6.0585000e+03
   2.5290940e+05   5.9423000e+03
   2.5291220e+05   5.2262000e+03
   2.5291490e+05   5.2304000e+03
   2.5291770e+05   5.0635000e+03
   2.5292050e+05   5.3408000e+03
   2.5292320e+05   5.9222000e+03
   2.5292600e+05   5.3434000e+03
   2.5292880e+05   5.9532000e+03
   2.5293150e+05   5.9175000e+03
   2.5293430e+05   6.0233000e+03
   2.5293700e+05   6.1477000e+03
   2.5293980e+05   6.1281000e+03
   2.5294260e+05   6.2844000e+03
   2.5294530e+05   6.4737000e+03
   2.5294810e+05   6.5768000e+03
   2.5295090e+05   6.4695000e+03
   2.5295360e+05   6.5413000e+03
   2.5295640e+05   6.9132000e+03
   2.5295920e+05   6.8922000e+03
   2.5296190e+05   7.0972000e+03
   2.5296470e+05   6.9309000e+03
   2.5296750e+05   6.9652000e+03
   2.5297020e+05   6.6942000e+03
   2.5297300e+05   7.0071000e+03
   2.5297580e+05   6.9117000e+03
   2.5297850e+05   6.8063000e+03
   2.5298130e+05   6.4255000e+03
   2.5298410e+05   6.1513000e+03
   2.5298680e+05   6.0585000e+03
   2.5298960e+05   5.8626000e+03
   2.5299240e+05   5.8754000e+03
   2.5299510e+05   5.5931000e+03
   2.5299790e+05   5.6039000e+03
   2.5300070e+05   5.0564000e+03
   2.5300340e+05   4.8978000e+03
   2.5300620e+05   4.5908000e+03
   2.5300900e+05   4.5727000e+03
   2.5301170e+05   4.6176000e+03
   2.5301450e+05   4.6660000e+03
   2.5301730e+05   5.2594000e+03
   2.5302000e+05   5.4325000e+03
   2.5302280e+05   5.8408000e+03
   2.5302560e+05   5.9749000e+03
   2.5302830e+05   6.1683000e+03
   2.5303110e+05   6.5275000e+03
   2.5303390e+05   6.5468000e+03
   2.5303660e+05   6.7746000e+03
   2.5303940e+05   6.8176000e+03
   2.5304220e+05   6.7984000e+03
   2.5304490e+05   6.7840000e+03
   2.5304770e+05   6.7917000e+03
   2.5305050e+05   6.9693000e+03
   2.5305320e+05   7.0679000e+03
   2.5305600e+05   6.8278000e+03
   2.5305880e+05   6.9550000e+03
   2.5306150e+05   6.7701000e+03
   2.5306430e+05   6.8725000e+03
   2.5306710e+05   7.1050000e+03
   2.5306980e+05   7.3750000e+03
   2.5307260e+05   7.9878000e+03
   2.5307540e+05   8.3423000e+03
   2.5307810e+05   8.4343000e+03
   2.5308090e+05   8.4929000e+03
   2.5308370e+05   8.7028000e+03
   2.5308640e+05   8.5663000e+03
   2.5308920e+05   8.5634000e+03
   2.5309200e+05   8.9014000e+03
   2.5309470e+05   9.2326000e+03
   2.5309750e+05   9.3617000e+03
   2.5310030e+05   9.4337000e+03
   2.5310300e+05   9.5086000e+03
   2.5310580e+05   9.6445000e+03
   2.5310860e+05   9.5149000e+03
   2.5311130e+05   8.5712000e+03
   2.5311410e+05   8.4303000e+03
   2.5311690e+05   7.8143000e+03
   2.5311960e+05   7.6236000e+03
   2.5312240e+05   7.1131000e+03
   2.5312520e+05   6.7454000e+03
   2.5312790e+05   6.7797000e+03
   2.5313070e+05   6.2898000e+03
   2.5313350e+05   6.4327000e+03
   2.5313620e+05   6.4470000e+03
   2.5313900e+05   6.4885000e+03
   2.5314180e+05   6.5344000e+03
   2.5314450e+05   6.7425000e+03
   2.5314730e+05   6.6901000e+03
   2.5315010e+05   6.3285000e+03
   2.5315280e+05   6.3314000e+03
   2.5315560e+05   6.3994000e+03
   2.5315840e+05   6.4639000e+03
   2.5316110e+05   6.4988000e+03
   2.5316390e+05   6.4911000e+03
   2.5316670e+05   7.0182000e+03
   2.5316940e+05   6.8426000e+03
   2.5317220e+05   6.9601000e+03
   2.5317500e+05   7.0457000e+03
   2.5317770e+05   7.1783000e+03
   2.5318050e+05   7.0255000e+03
   2.5318330e+05   6.8871000e+03
   2.5318600e+05   6.8608000e+03
   2.5318880e+05   6.3224000e+03
   2.5319160e+05   7.7334000e+03
   2.5319430e+05   8.0894000e+03
   2.5319710e+05   8.0379000e+03
   2.5319990e+05   8.1729000e+03
   2.5320260e+05   8.1491000e+03
   2.5320540e+05   8.6082000e+03
   2.5320820e+05   7.7482000e+03
   2.5321090e+05   7.3102000e+03
   2.5321370e+05   7.3597000e+03
   2.5321650e+05   7.2971000e+03
   2.5321920e+05   7.2496000e+03
   2.5322200e+05   6.8823000e+03
   2.5322480e+05   6.9925000e+03
   2.5322750e+05   6.5533000e+03
   2.5323030e+05   6.8360000e+03
   2.5323310e+05   7.0090000e+03
   2.5323580e+05   6.9554000e+03
   2.5323860e+05   6.9126000e+03
   2.5324140e+05   7.1955000e+03
   2.5324410e+05   7.0761000e+03
   2.5324690e+05   7.2811000e+03
   2.5324970e+05   8.5774000e+03
   2.5325240e+05   8.3732000e+03
   2.5325520e+05   8.3290000e+03
   2.5325800e+05   8.0958000e+03
   2.5326070e+05   8.2801000e+03
   2.5326350e+05   8.1236000e+03
   2.5326630e+05   7.7415000e+03
   2.5326900e+05   7.4961000e+03
   2.5327180e+05   8.0961000e+03
   2.5327450e+05   7.8255000e+03
   2.5327730e+05   7.9681000e+03
   2.5328010e+05   7.4331000e+03
   2.5328280e+05   7.3977000e+03
   2.5328560e+05   7.2839000e+03
   2.5328840e+05   7.2646000e+03
   2.5329110e+05   7.1110000e+03
   2.5329390e+05   7.2816000e+03
   2.5329670e+05   7.7869000e+03
   2.5329940e+05   7.2810000e+03
   2.5330220e+05   7.0127000e+03
   2.5330500e+05   6.6497000e+03
   2.5330770e+05   6.3153000e+03
   2.5331050e+05   5.9816000e+03
   2.5331330e+05   6.1445000e+03
   2.5331600e+05   5.8920000e+03
   2.5331880e+05   6.1208000e+03
   2.5332160e+05   6.0063000e+03
   2.5332430e+05   6.0902000e+03
   2.5332710e+05   6.2797000e+03
   2.5332990e+05   6.2813000e+03
   2.5333260e+05   6.4181000e+03
   2.5333540e+05   6.3072000e+03
   2.5333820e+05   6.5437000e+03
   2.5334090e+05   6.6602000e+03
   2.5334370e+05   7.0618000e+03
   2.5334650e+05   7.2950000e+03
   2.5334920e+05   7.4201000e+03
   2.5335200e+05   7.4639000e+03
   2.5335480e+05   7.4031000e+03
   2.5335750e+05   7.4575000e+03
   2.5336030e+05   7.3216000e+03
   2.5336310e+05   7.2595000e+03
   2.5336580e+05   6.5418000e+03
   2.5336860e+05   7.3457000e+03
   2.5337140e+05   7.1716000e+03
   2.5337410e+05   5.4165000e+03
   2.5337690e+05   5.2711000e+03
   2.5337970e+05   4.4426000e+03
   2.5338240e+05   3.9925000e+03
   2.5338520e+05   3.4087000e+03
   2.5338800e+05   3.1115000e+03
   2.5339070e+05   2.7513000e+03
   2.5339350e+05   2.3013000e+03
   2.5339630e+05   2.4566000e+03
   2.5339900e+05   2.3869000e+03
   2.5340180e+05   2.4156000e+03
   2.5340460e+05   2.1329000e+03
   2.5340730e+05   1.9956000e+03
