4000,473.075379
3999,472.612659
3998,473.436869
3997,475.24041
3996,477.68484
3995,480.566959
3994,483.525816
3993,485.826538
3992,487.330901
3991,487.633287
3990,487.183872
3989,486.699692
3988,485.812099
3987,484.980947
3986,484.747138
3985,485.343756
3984,486.924016
3983,489.536349
3982,492.992483
3981,497.219313
3980,501.697312
3979,506.407608
3978,510.375419
3977,513.411677
3976,514.867788
3975,513.942317
3974,511.104509
3973,505.511001
3972,498.163995
3971,490.395796
3970,482.388287
3969,475.691952
3968,470.632849
3967,467.617536
3966,466.708105
3965,468.003225
3964,471.179467
3963,475.764871
3962,481.731677
3961,488.768332
3960,496.515223
3959,504.467466
3958,511.92077
3957,518.370679
3956,522.292049
3955,522.476609
3954,518.296505
3953,510.087097
3952,498.13034
3951,484.737779
3950,471.728846
3949,460.659756
3948,452.636417
3947,448.46939
3946,447.717517
3945,450.285535
3944,455.318126
3943,462.555135
3942,471.661357
3941,481.642753
3940,492.542084
3939,504.021993
3938,515.539598
3937,527.042244
3936,536.673297
3935,543.183424
3934,545.471115
3933,542.2916
3932,533.41977
3931,519.992081
3930,503.340582
3929,487.180817
3928,471.827025
3927,459.440209
3926,451.178816
3925,446.622286
3924,445.434655
3923,447.057385
3922,451.388468
3921,457.114458
3920,464.841233
3919,473.25963
3918,482.533379
3917,492.840256
3916,502.901598
3915,511.872276
3914,518.829126
3913,522.979644
3912,523.430297
3911,519.963086
3910,512.935208
3909,503.098802
3908,493.125021
3907,483.862945
3906,476.300645
3905,471.087285
3904,468.703421
3903,468.687998
3902,470.612385
3901,474.132019
3900,478.761106
3899,484.101441
3898,489.541405
3897,495.025989
3896,499.839524
3895,504.490398
3894,507.967285
3893,510.541932
3892,511.975512
3891,512.319315
3890,511.546654
3889,509.78866
3888,507.271041
3887,504.168321
3886,500.699721
3885,496.991823
3884,493.057075
3883,489.058776
3882,484.987676
3881,480.903528
3880,476.616369
3879,472.496934
3878,468.552456
3877,465.29917
3876,462.567697
3875,461.055876
3874,460.722335
3873,461.763087
3872,464.35219
3871,468.522923
3870,473.765513
3869,480.602814
3868,488.571678
3867,497.323043
3866,506.447805
3865,515.717465
3864,523.881504
3863,529.93201
3862,532.94436
3861,532.065801
3860,526.960883
3859,517.653303
3858,505.715416
3857,492.884578
3856,480.705552
3855,470.547345
3854,463.209888
3853,459.289438
3852,458.432674
3851,460.281929
3850,464.502775
3849,470.764377
3848,478.111216
3847,486.682118
3846,496.187028
3845,506.306956
3844,517.291709
3843,526.671376
3842,535.184835
3841,539.150704
3840,537.985252
3839,529.968328
3838,515.357257
3837,496.772212
3836,477.185252
3835,458.303784
3834,443.919775
3833,433.940915
3832,428.843511
3831,428.571185
3830,431.920705
3829,438.678588
3828,447.731573
3827,458.260657
3826,470.355766
3825,483.621736
3824,497.682898
3823,512.737443
3822,526.294214
3821,538.437802
3820,547.338415
3819,550.685333
3818,547.770273
3817,538.577811
3816,524.879825
3815,508.121713
3814,492.438653
3813,477.964386
3812,467.366066
3811,460.692908
3810,457.166838
3809,456.931452
3808,459.419023
3807,463.489775
3806,469.496479
3805,476.193216
3804,483.676721
3803,491.534604
3802,499.354368
3801,506.622286
3800,513.128214
3799,517.609636
3798,519.346067
3797,517.859
3796,513.088217
3795,505.272639
3794,495.276191
3793,485.401818
3792,475.906923
3791,468.690187
3790,463.797107
3789,461.555674
3788,461.4719
3787,463.52099
3786,467.013473
3785,471.544199
3784,476.669052
3783,482.069235
3782,487.314648
3781,492.320961
3780,496.908604
3779,500.663708
3778,503.763575
3777,505.992067
3776,507.566011
3775,508.549144
3774,509.013291
3773,509.128157
3772,509.013716
3771,508.510775
3770,507.70249
3769,506.592938
3768,504.747178
3767,502.394641
3766,499.154491
3765,495.000459
3764,490.230954
3763,484.782015
3762,479.19883
3761,473.645027
3760,468.638381
3759,464.762643
3758,462.454773
3757,461.981828
3756,463.4443
3755,466.60568
3754,472.186561
3753,478.568178
3752,486.546436
3751,495.229955
3750,503.947782
3749,511.854251
3748,517.968639
3747,521.316992
3746,521.292414
3745,517.293997
3744,510.373198
3743,500.674997
3742,489.972929
3741,480.317725
3740,471.545291
3739,465.224284
3738,461.910767
3737,461.45973
3736,463.632185
3735,468.252856
3734,475.055777
3733,482.924029
3732,491.905031
3731,501.597792
3730,512.171725
3729,521.550373
3728,530.100224
3727,535.747145
3726,537.423663
3725,534.456993
3724,526.310318
3723,514.085793
3722,498.670461
3721,483.414481
3720,468.667303
3719,457.073237
3718,448.577348
3717,443.563762
3716,442.057082
3715,443.737087
3714,448.108917
3713,454.697473
3712,463.093085
3711,472.838163
3710,483.41079
3709,494.153996
3708,504.280531
3707,513.211466
3706,519.180944
3705,521.933346
3704,520.943887
3703,516.47279
3702,509.606171
3701,501.484092
3700,493.343397
3699,486.19425
3698,480.779169
3697,477.501741
3696,476.524925
3695,477.68628
3694,480.523638
3693,484.795069
3692,490.355732
3691,496.162564
3690,502.124424
3689,508.036389
3688,512.67101
3687,516.170509
3686,517.886232
3685,517.032896
3684,513.912827
3683,508.611203
3682,501.765719
3681,494.249303
3680,486.461923
3679,479.472343
3678,473.772393
3677,469.649385
3676,467.337645
3675,466.900185
3674,468.039947
3673,470.583831
3672,474.071806
3671,478.21609
3670,482.233714
3669,486.080063
3668,488.861112
3667,490.418395
3666,490.788231
3665,489.778586
3664,488.066931
3663,485.921831
3662,483.902283
3661,482.623506
3660,482.241194
3659,483.310325
3658,485.677711
3657,489.387671
3656,494.146455
3655,499.564721
3654,505.385872
3653,511.183516
3652,516.328397
3651,520.284804
3650,522.285865
3649,522.052162
3648,519.255812
3647,513.978304
3646,506.830921
3645,498.877859
3644,490.33457
3643,482.342287
3642,475.746513
3641,470.953773
3640,468.292499
3639,467.683506
3638,469.168021
3637,472.263703
3636,477.042937
3635,482.523152
3634,488.492639
3633,494.695434
3632,499.776199
3631,503.494592
3630,504.991402
3629,504.047826
3628,500.683707
3627,495.392416
3626,489.043543
3625,482.184635
3624,476.52343
3623,472.298971
3622,469.957335
3621,469.734008
3620,471.439354
3619,474.990939
3618,479.845254
3617,486.043272
3616,492.570467
3615,499.489314
3614,505.632165
3613,510.93234
3612,514.643767
3611,516.188956
3610,515.422531
3609,512.574204
3608,507.829364
3607,502.033875
3606,495.929849
3605,490.241391
3604,485.443991
3603,481.880092
3602,479.80701
3601,479.265651
3600,480.144043
3599,482.089474
3598,485.071539
3597,488.240839
3596,491.547647
3595,494.269034
3594,495.853482
3593,496.046732
3592,494.705735
3591,491.907699
3590,487.976202
3589,483.389129
3588,478.798741
3587,474.816826
3586,472.18132
3585,471.124135
3584,471.73093
3583,474.262532
3582,478.444621
3581,484.069375
3580,490.92751
3579,498.549172
3578,506.059895
3577,513.447659
3576,519.419551
3575,523.427964
3574,525.043301
3573,523.756797
3572,519.611068
3571,513.025941
3570,504.743343
3569,495.681449
3568,486.800327
3567,478.944814
3566,472.620386
3565,468.495021
3564,466.495391
3563,466.56799
3562,468.894777
3561,472.691848
3560,477.947247
3559,484.807302
3558,491.847946
3557,499.394625
3556,505.734215
3555,510.590992
3554,512.568859
3553,511.063428
3552,505.866857
3551,497.160236
3550,487.030457
3549,475.819747
3548,465.587391
3547,457.953098
3546,452.955875
3545,450.979736
3544,452.173978
3543,456.151544
3542,462.879126
3541,471.549897
3540,481.25887
3539,492.599895
3538,504.565247
3537,516.439698
3536,527.31669
3535,536.145747
3534,541.665125
3533,543.137707
3532,539.91732
3531,532.66349
3530,521.814656
3529,509.861868
3528,497.031964
3527,485.841656
3526,476.079501
3525,469.110394
3524,464.763683
3523,462.922334
3522,463.314107
3521,466.120498
3520,470.354652
3519,475.780341
3518,482.413325
3517,489.247332
3516,495.588258
3515,500.72018
3514,503.968073
3513,504.770233
3512,503.32079
3511,499.680562
3510,495.04805
3509,489.568325
3508,484.402051
3507,479.816535
3506,476.711496
3505,474.413138
3504,473.47511
3503,473.725043
3502,474.863805
3501,476.748579
3500,479.285805
3499,482.058545
3498,484.947947
3497,487.756757
3496,490.199458
3495,492.238377
3494,494.078275
3493,495.544429
3492,497.191566
3491,498.837846
3490,500.80298
3489,502.98621
3488,505.668494
3487,508.317716
3486,511.087853
3485,513.704878
3484,515.611211
3483,516.673303
3482,516.480394
3481,514.503456
3480,510.733788
3479,505.24289
3478,497.523229
3477,489.173624
3476,480.55467
3475,472.149561
3474,465.210944
3473,459.943654
3472,456.836502
3471,456.086435
3470,457.598178
3469,461.266682
3468,466.593468
3467,473.971965
3466,482.21071
3465,491.305628
3464,501.193454
3463,510.052482
3462,517.822279
3461,522.900209
3460,524.376791
3459,521.658515
3458,514.799261
3457,504.997994
3456,493.69907
3455,482.422095
3454,472.464991
3453,465.214661
3452,460.267563
3451,458.534727
3450,459.416885
3449,462.912792
3448,468.246073
3447,475.342148
3446,483.781068
3445,492.566427
3444,502.66704
3443,512.901992
3442,522.51112
3441,530.919993
3440,536.041747
3439,536.631083
3438,531.827933
3437,521.729888
3436,507.847637
3435,492.208983
3434,475.963376
3433,462.457433
3432,451.477763
3431,445.107164
3430,442.071334
3429,442.731597
3428,446.741025
3427,452.985976
3426,461.787624
3425,471.713071
3424,483.506918
3423,495.999533
3422,507.817752
3421,519.332261
3420,528.712276
3419,534.626888
3418,536.245709
3417,533.055158
3416,525.296067
3415,515.163214
3414,502.964643
3413,491.592179
3412,480.924434
3411,472.976292
3410,467.568007
3409,464.839274
3408,464.391486
3407,466.206894
3406,469.938533
3405,475.141191
3404,481.322472
3403,488.421251
3402,495.419311
3401,501.666485
3400,506.143827
3399,509.047564
3398,509.689979
3397,508.003393
3396,504.653965
3395,500.208503
3394,495.518192
3393,490.816406
3392,486.758942
3391,483.542703
3390,481.067841
3389,479.520911
3388,478.709349
3387,478.559506
3386,478.887132
3385,479.481018
3384,480.13912
3383,480.723656
3382,481.090983
3381,481.497889
3380,481.939059
3379,482.587178
3378,483.715442
3377,485.313611
3376,487.505613
3375,490.365392
3374,494.012509
3373,498.202877
3372,502.785031
3371,507.824737
3370,512.792862
3369,517.650067
3368,521.685294
3367,524.299019
3366,524.729364
3365,522.411179
3364,517.04199
3363,509.129842
3362,499.222228
3361,489.303529
3360,479.70253
3359,472.290157
3358,466.82364
3357,463.604486
3356,462.450736
3355,463.142709
3354,465.574341
3353,469.578884
3352,474.42042
3351,480.720665
3350,487.184763
3349,494.333251
3348,501.484322
3347,507.232177
3346,510.846027
3345,511.578875
3344,508.498537
3343,502.133513
3342,493.410396
3341,483.245524
3340,474.243272
3339,466.976519
3338,462.131496
3337,460.425634
3336,461.334035
3335,464.482065
3334,469.788985
3333,475.998006
3332,483.679888
3331,492.194086
3330,500.566024
3329,509.387626
3328,517.108153
3327,524.487902
3326,529.351939
3325,531.808839
3324,530.701941
3323,525.975334
3322,517.661564
3321,507.181739
3320,495.9396
3319,485.319222
3318,476.354343
3317,469.750959
3316,466.014563
3315,464.663845
3314,465.688741
3313,468.526945
3312,472.835587
3311,478.252091
3310,484.364335
3309,490.684921
3308,496.700337
3307,502.190822
3306,506.096639
3305,507.96924
3304,507.622861
3303,504.547403
3302,499.460499
3301,493.085384
3300,486.434111
3299,480.104636
3298,475.428209
3297,472.314547
3296,471.354024
3295,472.242322
3294,474.856758
3293,478.761136
3292,483.590013
3291,488.876593
3290,494.404953
3289,499.409235
3288,503.519311
3287,506.032056
3286,506.828507
3285,505.525438
3284,502.75323
3283,498.808099
3282,494.152583
3281,489.927052
3280,486.535649
3279,484.429988
3278,483.826542
3277,484.558224
3276,486.596463
3275,489.572573
3274,493.554234
3273,497.705152
3272,501.801981
3271,505.331922
3270,507.654569
3269,508.3721
3268,506.939231
3267,503.182822
3266,497.694015
3265,490.557238
3264,482.949479
3263,476.137463
3262,470.268408
3261,466.508678
3260,464.894094
3259,465.451477
3258,468.174488
3257,472.484016
3256,478.382302
3255,485.469349
3254,492.819322
3253,500.615131
3252,507.496069
3251,513.520827
3250,517.545039
3249,519.161887
3248,518.176488
3247,514.609083
3246,509.146221
3245,502.439637
3244,495.326595
3243,488.56857
3242,482.798666
3241,478.607761
3240,475.748069
3239,474.608743
3238,474.849821
3237,476.440124
3236,479.143364
3235,482.36425
3234,486.224942
3233,490.065186
3232,493.479453
3231,496.265483
3230,497.624169
3229,497.922566
3228,497.073788
3227,495.221966
3226,492.917298
3225,490.329016
3224,488.047452
3223,486.251095
3222,485.241885
3221,484.926008
3220,485.211932
3219,486.259476
3218,487.766997
3217,489.531693
3216,491.643184
3215,493.452683
3214,494.996182
3213,495.819083
3212,495.986803
3211,495.302801
3210,494.131175
3209,492.632278
3208,491.382363
3207,490.400125
3206,489.85317
3205,489.891564
3204,490.54179
3203,491.937756
3202,493.877004
3201,496.350712
3200,499.411622
3199,502.413091
3198,505.481827
3197,507.978115
3196,509.639291
3195,509.714542
3194,507.84246
3193,503.763746
3192,497.776193
3191,490.523862
3190,482.822737
3189,475.546961
3188,469.684298
3187,465.305986
3186,463.068368
3185,462.733446
3184,464.15651
3183,467.238177
3182,471.878809
3181,477.910456
3180,484.536824
3179,492.393666
3178,500.010921
3177,507.849645
3176,514.858651
3175,519.528339
3174,520.950043
3173,518.262298
3172,511.235644
3171,501.030683
3170,488.643892
3169,476.614314
3168,467.143458
3167,460.559093
3166,457.605362
3165,457.645649
3164,460.614048
3163,465.790732
3162,472.468096
3161,481.087767
3160,490.355293
3159,500.317577
3158,510.646276
3157,520.784903
3156,530.051637
3155,538.010499
3154,543.027245
3153,543.392457
3152,538.237735
3151,527.867626
3150,512.968387
3149,496.266614
3148,479.979689
3147,465.919299
3146,455.134243
3145,448.466424
3144,445.465275
3143,445.774707
3142,448.659073
3141,453.782516
3140,460.699104
3139,468.562267
3138,477.296314
3137,486.559957
3136,495.830217
3135,505.070226
3134,512.440956
3133,518.181599
3132,521.228883
3131,521.051037
3130,517.647778
3129,511.640139
3128,503.946718
3127,495.640491
3126,488.155383
3125,481.147535
3124,476.04822
3123,472.605005
3122,470.906009
3121,470.777141
3120,471.900422
3119,474.069033
3118,476.933462
3117,480.703906
3116,484.727836
3115,489.113027
3114,493.697117
3113,497.991866
3112,502.56793
3111,506.880003
3110,510.731033
3109,513.94588
3108,516.441813
3107,517.55532
3106,517.385602
3105,515.581068
3104,511.9289
3103,506.719744
3102,500.262158
3101,492.546089
3100,484.567876
3099,476.943404
3098,470.186381
3097,464.842724
3096,461.239759
3095,459.260261
3094,459.364577
3093,461.081548
3092,464.53182
3091,469.499326
3090,475.366412
3089,482.792364
3088,490.540603
3087,499.331532
3086,508.14967
3085,516.400622
3084,523.227388
3083,528.034721
3082,529.504199
3081,527.089409
3080,520.625702
3079,510.233839
3078,497.813657
3077,485.724914
3076,473.902373
3075,464.201756
3074,457.740107
3073,454.198507
3072,453.527701
3071,455.456596
3070,459.782749
3069,465.577186
3068,472.99711
3067,480.99055
3066,490.640821
3065,501.022866
3064,510.917074
3063,521.913705
3062,530.744785
3061,537.420222
3060,539.740306
3059,536.131324
3058,526.250496
3057,511.661668
3056,493.713453
3055,475.781767
3054,460.088579
3053,448.129327
3052,440.941656
3051,438.036363
3050,439.230613
3049,443.558568
3048,450.564492
3047,459.368128
3046,469.770792
3045,481.484514
3044,494.146823
3043,507.317467
3042,519.555686
3041,532.410078
3040,542.747892
3039,549.173238
3038,550.493377
3037,545.619318
3036,534.676794
3035,519.664318
3034,502.888266
3033,485.768591
3032,471.728973
3031,460.890613
3030,453.968081
3029,450.480413
3028,449.975301
3027,452.091116
3026,456.410687
3025,462.012226
3024,468.88255
3023,476.646501
3022,484.29903
3021,492.646208
3020,500.604574
3019,507.586084
3018,513.035802
3017,516.609946
3016,517.407269
3015,515.630252
3014,511.401724
3013,505.202298
3012,497.428915
3011,489.785798
3010,482.557274
3009,476.713733
3008,472.082239
3007,468.609589
3006,467.143469
3005,466.942036
3004,468.154649
3003,470.59083
3002,473.902907
3001,478.26307
3000,483.179989
2999,488.636442
2998,494.906808
2997,501.054776
2996,507.231175
2995,513.595457
2994,519.381737
2993,524.171968
2992,527.569527
2991,529.24957
2990,528.553067
2989,525.37227
2988,519.531135
2987,511.465828
2986,501.448962
2985,491.37224
2984,481.065692
2983,471.885667
2982,464.48396
2981,459.37171
2980,456.403878
2979,455.595845
2978,456.846091
2977,459.706967
2976,464.153748
2975,470.374208
2974,476.755308
2973,484.986246
2972,493.079208
2971,501.079706
2970,508.743355
2969,514.752651
2968,518.230215
2967,518.581728
2966,515.279512
2965,508.314537
2964,498.950664
2963,488.548326
2962,478.535341
2961,470.570258
2960,464.342803
2959,461.091003
2958,460.568837
2957,462.551008
2956,466.475413
2955,472.414407
2954,479.423675
2953,487.530974
2952,495.758702
2951,504.897413
2950,514.022392
2949,522.608089
2948,529.988701
2947,535.782093
2946,538.541429
2945,537.671037
2944,532.730812
2943,523.461423
2942,511.163923
2941,497.429018
2940,483.805557
2939,471.629045
2938,461.790626
2937,454.902505
2936,451.223942
2935,450.355981
2934,452.091258
2933,455.879882
2932,461.446344
2931,468.445244
2930,476.487672
2929,484.636448
2928,493.40411
2927,501.673111
2926,508.758732
2925,514.292491
2924,517.112037
2923,517.024721
2922,514.154091
2921,508.679318
2920,501.699855
2919,494.256875
2918,487.347076
2917,482.025998
2916,478.077813
2915,476.151638
2914,476.028652
2913,477.447434
2912,479.883999
2911,483.390316
2910,487.221382
2909,491.342503
2908,495.394925
2907,499.118322
2906,502.253864
2905,504.354397
2904,505.798425
2903,506.033854
2902,505.389557
2901,503.978258
2900,501.804847
2899,499.261136
2898,496.521352
2897,493.580711
2896,490.9668
2895,488.384436
2894,486.17088
2893,484.207149
2892,482.624762
2891,481.14596
2890,479.988212
2889,479.128915
2888,478.560691
2887,478.416216
2886,478.73677
2885,479.509562
2884,480.987573
2883,482.926605
2882,485.542749
2881,488.65749
2880,492.174316
2879,495.93931
2878,499.963152
2877,503.823654
2876,507.218463
2875,510.058186
2874,511.878405
2873,512.380486
2872,511.588051
2871,509.343622
2870,505.969438
2869,501.520825
2868,496.910569
2867,492.095863
2866,487.980422
2865,484.403737
2864,481.908916
2863,480.443126
2862,479.874448
2861,480.113354
2860,481.087926
2859,482.593759
2858,484.283293
2857,486.350134
2856,488.386732
2855,490.193794
2854,491.595725
2853,492.440515
2852,492.506195
2851,491.86947
2850,490.330122
2849,488.439493
2848,486.163866
2847,483.956629
2846,482.142211
2845,481.011287
2844,480.687243
2843,481.394796
2842,482.968923
2841,485.223158
2840,488.126688
2839,491.364003
2838,494.795025
2837,498.1861
2836,501.49252
2835,504.342483
2834,506.692685
2833,508.477477
2832,509.566222
2831,509.994237
2830,509.669901
2829,508.635751
2828,507.087567
2827,505.033054
2826,502.575695
2825,500.116646
2824,497.639742
2823,495.38651
2822,493.489245
2821,491.752229
2820,490.085302
2819,488.676595
2818,487.409254
2817,486.131139
2816,484.849308
2815,483.362728
2814,481.648104
2813,479.867536
2812,477.87797
2811,475.883025
2810,474.183994
2809,472.837186
2808,472.11478
2807,472.20731
2806,473.158305
2805,475.126519
2804,478.185371
2803,482.003156
2802,486.598461
2801,491.735686
2800,497.145628
2799,502.446332
2798,507.326295
2797,511.221088
2796,514.02851
2795,515.413962
2794,515.053226
2793,513.188812
2792,509.960843
2791,505.447325
2790,500.742968
2789,496.044386
2788,491.842207
2787,488.430331
2786,486.17468
2785,485.037372
2784,485.233582
2783,486.36944
2782,488.355339
2781,491.425466
2780,494.658677
2779,498.058232
2778,501.2776
2777,504.179514
2776,505.940586
2775,506.146064
2774,504.719151
2773,501.255333
2772,496.352846
2771,489.900786
2770,483.231459
2769,476.332477
2768,470.547833
2767,465.768783
2766,462.847701
2765,461.72748
2764,462.38475
2763,464.741557
2762,468.502865
2761,473.220692
2760,479.174264
2759,485.440707
2758,492.047617
2757,498.65545
2756,504.945986
2755,510.550841
2754,515.137646
2753,518.345009
2752,520.199473
2751,520.498991
2750,519.156254
2749,516.347102
2748,512.4143
2747,507.511578
2746,501.791797
2745,496.250977
2744,490.928394
2743,486.084845
2742,481.945104
2741,478.73844
2740,476.501646
2739,475.280042
2738,475.092152
2737,475.961439
2736,477.805562
2735,480.143153
2734,483.483513
2733,487.331053
2732,491.455136
2731,495.540777
2730,499.26052
2729,502.449531
2728,504.320851
2727,504.661592
2726,503.213947
2725,499.899913
2724,495.021756
2723,489.663849
2722,483.18062
2721,477.957251
2720,473.334971
2719,470.1372
2718,468.872155
2717,469.350152
2716,471.521884
2715,475.35556
2714,480.307024
2713,486.358722
2712,493.153576
2711,500.443479
2710,507.414501
2709,514.613569
2708,521.126165
2707,526.407026
2706,529.979517
2705,531.417268
2704,529.967179
2703,525.617128
2702,518.528769
2701,508.959624
2700,498.479607
2699,487.126488
2698,476.297174
2697,466.845105
2696,459.282654
2695,453.951315
2694,451.168069
2693,450.664669
2692,452.151697
2691,455.737501
2690,461.148139
2689,467.6626
2688,475.303915
2687,484.300839
2686,493.204291
2685,502.031431
2684,510.488957
2683,517.302357
2682,521.863542
2681,523.508079
2680,521.902781
2679,517.22503
2678,510.310297
2677,502.125363
2676,493.743863
2675,486.085135
2674,479.903083
2673,475.955494
2672,473.893541
2671,473.785905
2670,475.631293
2669,478.813784
2668,483.253635
2667,488.655401
2666,494.261043
2665,500.744175
2664,507.30643
2663,513.521741
2662,518.917276
2661,522.883332
2660,525.055989
2659,524.471722
2658,520.888997
2657,514.073741
2656,504.751866
2655,493.819852
2654,481.894776
2653,471.167749
2652,461.916494
2651,454.684071
2650,449.927649
2649,447.790915
2648,447.871893
2647,450.245603
2646,454.530638
2645,460.231937
2644,467.253168
2643,474.852585
2642,483.615616
2641,492.276871
2640,501.396645
2639,509.998501
2638,517.290282
2637,523.384915
2636,527.42155
2635,529.002308
2634,528.012245
2633,524.310956
2632,518.507937
2631,511.260507
2630,503.373015
2629,495.605981
2628,488.558
2627,482.764222
2626,478.57756
2625,476.160318
2624,475.248396
2623,475.918926
2622,477.889694
2621,481.081572
2620,485.315216
2619,489.794714
2618,495.297874
2617,501.040451
2616,506.615837
2615,511.547081
2614,515.61237
2613,517.45736
2612,516.582958
2611,512.355997
2610,504.863151
2609,494.490929
2608,482.655227
2607,470.833853
2606,459.753471
2605,451.588
2604,446.565877
2603,444.393225
2602,445.449198
2601,449.092869
2600,455.157829
2599,463.196262
2598,472.401114
2597,483.296745
2596,494.393383
2595,505.732246
2594,516.758853
2593,526.770216
2592,535.373209
2591,541.225376
2590,543.532397
2589,542.042356
2588,537.031503
2587,528.495982
2586,517.798806
2585,506.230406
2584,494.923392
2583,484.772051
2582,476.786479
2581,470.491921
2580,466.53368
2579,464.660353
2578,464.447513
2577,466.008425
2576,468.753815
2575,472.55675
2574,477.229228
2573,482.975113
2572,488.533656
2571,493.980468
2570,499.268454
2569,503.358315
2568,505.863516
2567,506.493051
2566,504.889163
2565,501.602688
2564,496.626007
2563,490.724954
2562,484.737082
2561,479.317349
2560,475.355954
2559,472.743278
2558,471.664151
2557,472.128652
2556,474.211061
2555,477.535834
2554,481.869433
2553,487.074762
2552,492.848884
2551,498.518494
2550,504.55715
2549,509.890598
2548,514.955735
2547,519.00097
2546,521.707917
2545,522.715505
2544,522.027669
2543,519.351108
2542,514.809569
2541,508.81595
2540,501.816847
2539,494.338769
2538,486.957074
2537,480.442642
2536,474.489329
2535,469.709106
2534,466.318876
2533,464.344916
2532,463.71675
2531,464.307524
2530,466.020522
2529,468.854695
2528,472.515918
2527,476.908993
2526,481.815564
2525,486.707633
2524,491.919727
2523,496.869493
2522,501.255484
2521,504.880526
2520,507.265456
2519,508.310074
2518,507.878648
2517,506.230081
2516,503.479657
2515,500.111565
2514,496.140363
2513,492.772661
2512,489.952115
2511,487.985546
2510,487.093125
2509,487.348051
2508,488.743459
2507,491.174381
2506,494.244099
2505,498.204557
2504,502.186972
2503,506.641485
2502,510.486383
2501,514.135891
2500,516.717226
2499,517.882025
2498,517.243473
2497,514.391324
2496,509.011756
2495,501.441408
2494,492.403134
2493,482.711327
2492,472.919041
2491,464.281824
2490,457.791004
2489,453.310386
2488,451.385611
2487,451.823222
2486,454.492659
2485,458.937437
2484,465.19414
2483,472.379792
2482,480.650662
2481,488.817135
2480,496.718069
2479,503.894084
2478,509.656064
2477,513.451557
2476,515.214664
2475,515.029551
2474,513.256923
2473,510.155836
2472,506.872392
2471,503.69293
2470,500.996524
2469,499.114527
2468,498.154186
2467,498.051051
2466,498.760971
2465,500.07127
2464,501.561765
2463,503.262442
2462,504.790084
2461,506.033828
2460,506.389834
2459,505.899512
2458,504.308069
2457,501.609868
2456,497.859819
2455,493.302757
2454,488.305785
2453,483.32552
2452,478.610708
2451,474.836014
2450,471.954799
2449,470.280723
2448,469.939224
2447,470.692283
2446,472.505223
2445,475.214214
2444,478.365291
2443,482.083723
2442,485.686869
2441,489.185259
2440,492.225438
2439,494.664727
2438,496.275795
2437,497.16284
2436,497.349846
2435,496.992342
2434,496.282422
2433,495.616242
2432,494.873931
2431,494.601491
2430,494.735595
2429,495.278912
2428,496.427636
2427,497.987648
2426,499.830672
2425,501.836532
2424,504.018327
2423,505.882407
2422,507.374294
2421,508.317515
2420,508.41762
2419,507.711918
2418,506.029781
2417,503.292628
2416,499.838331
2415,495.765445
2414,491.230351
2413,486.819626
2412,482.548534
2411,478.838711
2410,476.040125
2409,474.07356
2408,473.032574
2407,473.07637
2406,473.904483
2405,475.515089
2404,477.727157
2403,480.378343
2402,483.147944
2401,486.111114
2400,488.861155
2399,491.383661
2398,493.689032
2397,495.596837
2396,497.231887
2395,498.688969
2394,499.934147
2393,501.120323
2392,502.258985
2391,503.338857
2390,504.364651
2389,505.482363
2388,506.163064
2387,506.572738
2386,506.632616
2385,505.931865
2384,504.495011
2383,502.571846
2382,499.930907
2381,496.959671
2380,493.848258
2379,490.669852
2378,487.719874
2377,485.241862
2376,483.338661
2375,482.072876
2374,481.652898
2373,482.00207
2372,483.241443
2371,485.018988
2370,487.060557
2369,489.251467
2368,490.980717
2367,491.58358
2366,490.934585
2365,488.534179
2364,484.744314
2363,479.742816
2362,474.976226
2361,470.865069
2360,468.370568
2359,467.530252
2358,468.653088
2357,471.827939
2356,476.599498
2355,483.136284
2354,490.407099
2353,498.919432
2352,507.589533
2351,516.922655
2350,525.447072
2349,533.483717
2348,539.829445
2347,543.683097
2346,543.967968
2345,540.132806
2344,531.992071
2343,520.518261
2342,507.092734
2341,492.586254
2340,479.201177
2339,468.462899
2338,460.428172
2337,455.375409
2336,453.37712
2335,453.898617
2334,456.537161
2333,461.066737
2332,467.167598
2331,474.554988
2330,482.225768
2329,490.860065
2328,499.238025
2327,506.990035
2326,512.225085
2325,514.862266
2324,513.741715
2323,508.693948
2322,500.1186
2321,490.301086
2320,479.616054
2319,470.680724
2318,463.785526
2317,459.558361
2316,458.361442
2315,459.854676
2314,463.650839
2313,469.230185
2312,476.621308
2311,484.852066
2310,493.448312
2309,502.949674
2308,512.51007
2307,521.101673
2306,529.263157
2305,535.828363
2304,540.372464
2303,541.810393
2302,540.089083
2301,534.91743
2300,527.128865
2299,516.910631
2298,505.706262
2297,494.51011
2296,484.207508
2295,475.768082
2294,469.007356
2293,464.014524
2292,461.13052
2291,459.963441
2290,460.283432
2289,462.025237
2288,464.871523
2287,468.736547
2286,472.961695
2285,478.038737
2284,482.971373
2283,487.848285
2282,492.707239
2281,496.66691
2280,499.918922
2279,502.000829
2278,502.879031
2277,502.824575
2276,501.525317
2275,499.440856
2274,496.784359
2273,494.232969
2272,491.295864
2271,488.899727
2270,486.681428
2269,485.228541
2268,484.476733
2267,484.431591
2266,485.166618
2265,486.730638
2264,488.986694
2263,491.715854
2262,495.307716
2261,499.435195
2260,503.513772
2259,508.264607
2258,513.522806
2257,517.888261
2256,521.886692
2255,524.343315
2254,524.76474
2253,522.037348
2252,515.694866
2251,506.219865
2250,493.696735
2249,479.359602
2248,466.14179
2247,454.186683
2246,445.671794
2245,440.47164
2244,438.976266
2243,440.769978
2242,445.727994
2241,452.59225
2240,462.068537
2239,472.786479
2238,484.895614
2237,498.021559
2236,511.674562
2235,525.885614
2234,538.034347
2233,548.313477
2232,553.559604
2231,552.575326
2230,545.251216
2229,530.874845
2228,513.853505
2227,495.06484
2226,477.96779
2225,464.803059
2224,455.447979
2223,450.449997
2222,449.08521
2221,450.960484
2220,455.442422
2219,461.530323
2218,469.227166
2217,478.08578
2216,487.919613
2215,498.275548
2214,508.672333
2213,519.005948
2212,527.333527
2211,532.648621
2210,533.049994
2209,528.155397
2208,517.996429
2207,503.487574
2206,488.246889
2205,472.858845
2204,459.840748
2203,450.782083
2202,445.387735
2201,443.753918
2200,445.259672
2199,449.465682
2198,455.840919
2197,463.761214
2196,472.955078
2195,483.125222
2194,493.829177
2193,504.621905
2192,514.379075
2191,523.66967
2190,531.236466
2189,536.596783
2188,538.883209
2187,538.087426
2186,534.203786
2185,527.906928
2184,519.926015
2183,511.166015
2182,502.406265
2181,494.733494
2180,487.605138
2179,482.187321
2178,477.989297
2177,475.117157
2176,473.46843
2175,472.793033
2174,472.922173
2173,473.866882
2172,475.386881
2171,477.089682
2170,479.467894
2169,481.760538
2168,484.188444
2167,486.97706
2166,489.570563
2165,491.820128
2164,493.669431
2163,494.775916
2162,495.205723
2161,494.66312
2160,493.130908
2159,490.795395
2158,487.844707
2157,484.178822
2156,480.93488
2155,477.745569
2154,475.610346
2153,474.285371
2152,474.452848
2151,475.797699
2150,478.568485
2149,482.363608
2148,487.456575
2147,493.180086
2146,500.053176
2145,506.984163
2144,514.146803
2143,521.792079
2142,528.434935
2141,534.560629
2140,539.032599
2139,541.058123
2138,539.64997
2137,534.045232
2136,524.46197
2135,511.316283
2134,496.385277
2133,480.710672
2132,467.206058
2131,456.234825
2130,448.172888
2129,444.114461
2128,443.361668
2127,445.272256
2126,450.190525
2125,456.883699
2124,465.409416
2123,474.740827
2122,485.696749
2121,497.120098
2120,508.234552
2119,517.9811
2118,525.491766
2117,529.02976
2116,527.252931
2115,520.608723
2114,509.565405
2113,496.496697
2112,482.808395
2111,471.817227
2110,463.800746
2109,459.670628
2108,458.876656
2107,461.022641
2106,465.66856
2105,472.119253
2104,479.973419
2103,488.329814
2102,497.775768
2101,506.692284
2100,515.146443
2099,523.054015
2098,529.063983
2097,532.688276
2096,532.956112
2095,529.426936
2094,522.869656
2093,513.248925
2092,502.24986
2091,491.362124
2090,481.678828
2089,474.321527
2088,468.863201
2087,466.0276
2086,465.206583
2085,466.118331
2084,468.595833
2083,471.739781
2082,475.564498
2081,479.667069
2080,483.517838
2079,487.325857
2078,490.434994
2077,493.026343
2076,494.818759
2075,495.962962
2074,496.432522
2073,496.44982
2072,496.355099
2071,495.910879
2070,495.871565
2069,496.162923
2068,496.880976
2067,498.832161
2066,501.222845
2065,502.959035
2064,504.71927
2063,505.819202
2062,505.910696
2061,505.358631
2060,503.584174
2059,501.101657
2058,498.044988
2057,494.490194
2056,490.920762
2055,487.430803
2054,484.546101
2053,482.390054
2052,481.082777
2051,480.96978
2050,481.560837
2049,483.271424
2048,485.700192
2047,488.63267
2046,491.725326
2045,494.629466
2044,496.965029
2043,498.161904
2042,498.059684
2041,496.410115
2040,493.374777
2039,489.577201
2038,485.00641
2037,480.501567
2036,476.697067
2035,474.023994
2034,473.036324
2033,473.539201
2032,475.816043
2031,479.758218
2030,484.66038
2029,490.871329
2028,497.791822
2027,504.647696
2026,511.71262
2025,518.085127
2024,523.150534
2023,526.314554
2022,527.183393
2021,525.491464
2020,520.977689
2019,514.737341
2018,506.473782
2017,498.075565
2016,489.669772
2015,482.710763
2014,477.048999
2013,473.427355
2012,471.678395
2011,471.691534
2010,473.252073
2009,475.966391
2008,479.552958
2007,483.822602
2006,487.771463
2005,491.417737
2004,494.053254
2003,495.382586
2002,494.99499
2001,493.096941
2000,489.89792
