2000,-0.00866390879
2001,-0.0124096731
2002,-0.0148076628
2003,-0.0155744628
2004,-0.01444777
2005,-0.0115031174
2006,-0.00704132638
2007,-0.0014825129
2008,0.00454890671
2009,0.0103997172
2010,0.0153610005
2011,0.0189870387
2012,0.0206665172
2013,0.0203788312
2014,0.0179411721
2015,0.0137146881
2016,0.00797909312
2017,0.00140237565
2018,-0.0054788981
2019,-0.0119116096
2020,-0.0173304664
2021,-0.0211824747
2022,-0.0231433856
2023,-0.0229886686
2024,-0.0207736186
2025,-0.0167136382
2026,-0.0111600088
2027,-0.00467740283
2028,0.00216075782
2029,0.00873574241
2030,0.0144179018
2031,0.0187636277
2032,0.0213187288
2033,0.0219924614
2034,0.0206122081
2035,0.0175386063
2036,0.0129088277
2037,0.00734775416
2038,0.00129771922
2039,-0.00459531486
2040,-0.00984648236
2041,-0.0139161305
2042,-0.0165575633
2043,-0.0175418727
2044,-0.0168886047
2045,-0.0147729125
2046,-0.0114841368
2047,-0.00744057379
2048,-0.00304991669
2049,0.00114502447
2050,0.00489595121
2051,0.00775222651
2052,0.00961465113
2053,0.0104022194
2054,0.0101470996
2055,0.00900838148
2056,0.00727877062
2057,0.00515937775
2058,0.00296927673
2059,0.00100796191
2060,-0.000588530355
2061,-0.00164654169
2062,-0.00207458379
2063,-0.00200667494
2064,-0.00148757556
2065,-0.000685992418
2066,0.000118129973
2067,0.000741218188
2068,0.00102061378
2069,0.000697636694
2070,-0.000184545408
2071,-0.00165478867
2072,-0.00360195394
2073,-0.00579102435
2074,-0.00788160099
2075,-0.00963903617
2076,-0.0106596377
2077,-0.0106065373
2078,-0.00942833393
2079,-0.00693035711
2080,-0.00320283429
2081,0.00136867604
2082,0.00655062571
2083,0.0117621385
2084,0.0163718448
2085,0.0199273579
2086,0.0219056252
2087,0.0218214345
2088,0.0196934696
2089,0.0154097401
2090,0.00924313626
2091,0.00171850337
2092,-0.006533103
2093,-0.0149039648
2094,-0.0223555603
2095,-0.0283197891
2096,-0.032121941
2097,-0.0331543869
2098,-0.0313340733
2099,-0.026607748
2100,-0.0192265171
2101,-0.00980142815
2102,0.000880133524
2103,0.0120127725
2104,0.0224887383
2105,0.0313324348
2106,0.0378014659
2107,0.0410665505
2108,0.0407848549
2109,0.0369169824
2110,0.0296500664
2111,0.0194978087
2112,0.00751921721
2113,-0.00549445287
2114,-0.0181814301
2115,-0.0294065983
2116,-0.0381425968
2117,-0.0435637754
2118,-0.0450082314
2119,-0.0424516412
2120,-0.0360789119
2121,-0.0263226955
2122,-0.0143455342
2123,-0.00109738944
2124,0.0122127655
2125,0.0241866357
2126,0.0338570847
2127,0.0404768443
2128,0.043220114
2129,0.042240401
2130,0.0376121122
2131,0.0297986011
2132,0.0197257961
2133,0.00835837211
2134,-0.00342598254
2135,-0.0144238997
2136,-0.0238166684
2137,-0.0310225259
2138,-0.0354205188
2139,-0.0368605025
2140,-0.0355424383
2141,-0.0314867395
2142,-0.0253679094
2143,-0.0177310611
2144,-0.00918353125
2145,-0.000417238031
2146,0.0078020175
2147,0.0151439478
2148,0.0209902217
2149,0.0250826844
2150,0.0273148211
2151,0.0276618736
2152,0.0261042532
2153,0.0230965481
2154,0.018748526
2155,0.0134356084
2156,0.00767091818
2157,0.00169489957
2158,-0.0041609339
2159,-0.0093866524
2160,-0.0139695291
2161,-0.0175588613
2162,-0.0200085378
2163,-0.0212801988
2164,-0.0213877555
2165,-0.0201692466
2166,-0.0178874501
2167,-0.0145985992
2168,-0.0103394533
2169,-0.00549913472
2170,-0.000207445886
2171,0.00530976755
2172,0.0106422509
2173,0.015510897
2174,0.0197769276
2175,0.0228559118
2176,0.0247693386
2177,0.025213951
2178,0.0240657674
2179,0.0212739585
2180,0.0170869496
2181,0.0113941168
2182,0.00472564675
2183,-0.00260910626
2184,-0.0102672876
2185,-0.017593047
2186,-0.0240706153
2187,-0.0293188853
2188,-0.0326763968
2189,-0.0338597529
2190,-0.0326723035
2191,-0.0289267819
2192,-0.0227746843
2193,-0.0146434783
2194,-0.00484526741
2195,0.0057761696
2196,0.0164630687
2197,0.0263327778
2198,0.0345922303
2199,0.0402429852
2200,0.0429651526
2201,0.0421191033
2202,0.0377346258
2203,0.0300270375
2204,0.0195023988
2205,0.00693134542
2206,-0.00656594807
2207,-0.0199258111
2208,-0.0319809474
2209,-0.0415577443
2210,-0.0478484429
2211,-0.050184908
2212,-0.0482765552
2213,-0.042190252
2214,-0.0324878245
2215,-0.0197614025
2216,-0.00524558732
2217,0.0099082852
2218,0.0244372858
2219,0.0370511845
2220,0.0466416681
2221,0.0524753865
2222,0.0539465373
2223,0.0509404926
2224,0.0437846498
2225,0.0329848306
2226,0.0194564382
2227,0.00446688856
2228,-0.0109254185
2229,-0.0252855028
2230,-0.0374453834
2231,-0.046475097
2232,-0.0515783543
2233,-0.0523423684
2234,-0.0488735424
2235,-0.0413472854
2236,-0.0305638629
2237,-0.0174461473
2238,-0.00314205115
2239,0.011107762
2240,0.0240543268
2241,0.0346362056
2242,0.0419888931
2243,0.0455481004
2244,0.0451397444
2245,0.0409487627
2246,0.0334386602
2247,0.0234748134
2248,0.0119710936
2249,5.36979085e-05
2250,-0.0112966402
2251,-0.0210970006
2252,-0.0286850331
2253,-0.0335704766
2254,-0.0355802555
2255,-0.0347642567
2256,-0.0314680631
2257,-0.0260766216
2258,-0.0192454896
2259,-0.0115641034
2260,-0.00361745586
2261,0.00398008836
2262,0.010823281
2263,0.0165047849
2264,0.0208437334
2265,0.0236530044
2266,0.0249784917
2267,0.024821508
2268,0.023323713
2269,0.0206961876
2270,0.0170470271
2271,0.0126712725
2272,0.00774457005
2273,0.00250536116
2274,-0.00282805294
2275,-0.00797597771
2276,-0.0127729054
2277,-0.016881548
2278,-0.0201353048
2279,-0.0222562442
2280,-0.0230979802
2281,-0.0224841728
2282,-0.0203765394
2283,-0.016858761
2284,-0.0119794601
2285,-0.00612176925
2286,0.000435956492
2287,0.00722295199
2288,0.0137402029
2289,0.0194680534
2290,0.0240255342
2291,0.0269096311
2292,0.0279197658
2293,0.0269039664
2294,0.0238583239
2295,0.01891733
2296,0.0124953232
2297,0.00488687596
2298,-0.0032884482
2299,-0.0114247291
2300,-0.0190043422
2301,-0.0253985033
2302,-0.0300367644
2303,-0.0326735686
2304,-0.0329102775
2305,-0.0307092458
2306,-0.0261760039
2307,-0.0195874706
2308,-0.0112793784
2309,-0.0020329958
2310,0.00766336218
2311,0.0169865444
2312,0.0251291335
2313,0.0315106957
2314,0.0355658062
2315,0.0367552149
2316,0.0351005244
2317,0.0305176845
2318,0.0233199846
2319,0.0141212494
2320,0.00360263891
2321,-0.00742502655
2322,-0.0178711173
2323,-0.026953381
2324,-0.0338020643
2325,-0.0377511403
2326,-0.0384134216
2327,-0.0357868202
2328,-0.0299017069
2329,-0.0214175243
2330,-0.0110663243
2331,0.000318920178
2332,0.0115882482
2333,0.0217610691
2334,0.0299774888
2335,0.0355008745
2336,0.0377756089
2337,0.0368595304
2338,0.0326771201
2339,0.025771108
2340,0.016816248
2341,0.00662725036
2342,-0.00399901489
2343,-0.0138735459
2344,-0.0224636725
2345,-0.0289109831
2346,-0.0327186711
2347,-0.0337480073
2348,-0.031963902
2349,-0.0275039682
2350,-0.0210204053
2351,-0.013024124
2352,-0.00419601535
2353,0.00453626388
2354,0.012485587
2355,0.0191178571
2356,0.0236501517
2357,0.0259966991
2358,0.0259738393
2359,0.0236132585
2360,0.0193225885
2361,0.0136790703
2362,0.00702086743
2363,0.000344206828
2364,-0.00589642931
2365,-0.0111127962
2366,-0.0148422127
2367,-0.0168027616
2368,-0.0171185253
2369,-0.0157577811
2370,-0.0130840728
2371,-0.00963131389
2372,-0.00566009037
2373,-0.00174202248
2374,0.0017055921
2375,0.00451355152
2376,0.0064790183
2377,0.00743830093
2378,0.00769253968
2379,0.00721057949
2380,0.00622325513
2381,0.00503733683
2382,0.00382196137
2383,0.00262721054
2384,0.00179203426
2385,0.00118610994
2386,0.000799570584
2387,0.000709059667
2388,0.00067850746
2389,0.000552515467
2390,0.000445944237
2391,3.78855919e-06
2392,-0.00067500625
2393,-0.00154708429
2394,-0.00264208485
2395,-0.00384418795
2396,-0.00487397624
2397,-0.00574408288
2398,-0.00622538048
2399,-0.00612404667
2400,-0.00549383458
2401,-0.00430620408
2402,-0.00248217982
2403,-0.000384034136
2404,0.00193006655
2405,0.00427196875
2406,0.00625695427
2407,0.00775643158
2408,0.00866981704
2409,0.0086867139
2410,0.00797002511
2411,0.0065202343
2412,0.00438744745
2413,0.00184024506
2414,-0.000821995196
2415,-0.00354571769
2416,-0.0058832079
2417,-0.00767853768
2418,-0.00886274112
2419,-0.00919698424
2420,-0.00870330722
2421,-0.00751770768
2422,-0.00562748704
2423,-0.00325916309
2424,-0.000712051448
2425,0.00192444795
2426,0.00431359591
2427,0.00623854612
2428,0.00757909591
2429,0.00822765275
2430,0.00800802011
2431,0.00712130561
2432,0.00557049811
2433,0.00342971396
2434,0.00109199506
2435,-0.00136687756
2436,-0.00367733568
2437,-0.00553397329
2438,-0.00680625094
2439,-0.0073942365
2440,-0.00709379588
2441,-0.00605874666
2442,-0.00434754556
2443,-0.00207568397
2444,0.000450356039
2445,0.00293137046
2446,0.00517239088
2447,0.00682366305
2448,0.00764479753
2449,0.00764225622
2450,0.00660716687
2451,0.00472786721
2452,0.00217927373
2453,-0.00079378762
2454,-0.00388425141
2455,-0.00663947206
2456,-0.00885013002
2457,-0.0101475748
2458,-0.0103643993
2459,-0.00943045445
2460,-0.00740739813
2461,-0.00437768941
2462,-0.000743503095
2463,0.00326550866
2464,0.00719496204
2465,0.0106306679
2466,0.0132228543
2467,0.0146692601
2468,0.0147164388
2469,0.0133532435
2470,0.0105749875
2471,0.00662864044
2472,0.00176776373
2473,-0.00348136937
2474,-0.00873156891
2475,-0.0134041753
2476,-0.0170060932
2477,-0.0191580638
2478,-0.0195529756
2479,-0.0180022719
2480,-0.0146954847
2481,-0.00973085777
2482,-0.00364865141
2483,0.00302957092
2484,0.00959890535
2485,0.0154526071
2486,0.0198615118
2487,0.0224474911
2488,0.0228364645
2489,0.0209995918
2490,0.0170874696
2491,0.0115138074
2492,0.00478570797
2493,-0.00239496269
2494,-0.00934884
2495,-0.015451122
2496,-0.0201075699
2497,-0.0230051179
2498,-0.0238092706
2499,-0.0226696624
2500,-0.0195576472
2501,-0.0149493146
2502,-0.00916613504
2503,-0.00278012093
2504,0.00373699988
2505,0.00977174885
2506,0.0150036431
2507,0.018919771
2508,0.0213595944
2509,0.0221451481
2510,0.021299431
2511,0.018889569
2512,0.0152089724
2513,0.0105089569
2514,0.00515354732
2515,-0.000404476999
2516,-0.00581347735
2517,-0.0107432982
2518,-0.0147221578
2519,-0.0176885115
2520,-0.0193097523
2521,-0.0195901977
2522,-0.0184964489
2523,-0.0161862214
2524,-0.0127023084
2525,-0.00847395583
2526,-0.00361757472
2527,0.0014501556
2528,0.00642588011
2529,0.0109420782
2530,0.0148104784
2531,0.0176132659
2532,0.0192820175
2533,0.0196734456
2534,0.0186535261
2535,0.0163904604
2536,0.0129407754
2537,0.00851748582
2538,0.00339775082
2539,-0.00201369592
2540,-0.00748982815
2541,-0.0125183279
2542,-0.0167976455
2543,-0.0200297046
2544,-0.0219395653
2545,-0.0222836529
2546,-0.0211903387
2547,-0.0184807386
2548,-0.0144230047
2549,-0.0092901265
2550,-0.00333654773
2551,0.0030160824
2552,0.00923566382
2553,0.0150217847
2554,0.0198527032
2555,0.0233442483
2556,0.025279438
2557,0.0254644231
2558,0.0237138037
2559,0.0202961754
2560,0.0152820104
2561,0.00896544207
2562,0.00192050767
2563,-0.00545636069
2564,-0.0126706726
2565,-0.0189507691
2566,-0.0240198411
2567,-0.0273500683
2568,-0.0285721492
2569,-0.0276158117
2570,-0.0245468108
2571,-0.0193585778
2572,-0.0126327775
2573,-0.0047705764
2574,0.0037105743
2575,0.0120073321
2576,0.0195331372
2577,0.0258145675
2578,0.0301285686
2579,0.0322709101
2580,0.0320667631
2581,0.0293557489
2582,0.0244319413
2583,0.0176122437
2584,0.00930348176
2585,0.000138651748
2586,-0.00913503985
2587,-0.0180003457
2588,-0.0256610434
2589,-0.0314967941
2590,-0.0351584827
2591,-0.0362114179
2592,-0.0344676281
2593,-0.0301624449
2594,-0.023397981
2595,-0.0146623562
2596,-0.00474493502
2597,0.00577440604
2598,0.0159756091
2599,0.0249435842
2600,0.0319947159
2601,0.036528712
2602,0.0379457518
2603,0.0362751712
2604,0.0315821002
2605,0.0241187674
2606,0.0147465754
2607,0.0041752354
2608,-0.00675511946
2609,-0.0169127504
2610,-0.0255455775
2611,-0.0320462767
2612,-0.0357005558
2613,-0.0364696979
2614,-0.0343653633
2615,-0.0295314319
2616,-0.0225384733
2617,-0.0140880032
2618,-0.00464470007
2619,0.00482690375
2620,0.013677833
2621,0.0214223818
2622,0.0274025696
2623,0.0312868101
2624,0.0330412196
2625,0.032395813
2626,0.0296138828
2627,0.0249541286
2628,0.0186848087
2629,0.0112755336
2630,0.00332291102
2631,-0.00480774561
2632,-0.0125220498
2633,-0.0192926787
2634,-0.0247929566
2635,-0.0286644854
2636,-0.0305243246
2637,-0.0304686727
2638,-0.0283168516
2639,-0.0241976713
2640,-0.0184483747
2641,-0.0113674485
2642,-0.00333006363
2643,0.0049299669
2644,0.0130270284
2645,0.020296892
2646,0.0261541375
2647,0.0301497471
2648,0.0320405911
2649,0.0314003944
2650,0.0284232355
2651,0.0232275592
2652,0.0160689325
2653,0.00760425152
2654,-0.00156188783
2655,-0.0108052958
2656,-0.0192857942
2657,-0.0263400372
2658,-0.0315360602
2659,-0.034252061
2660,-0.0343948663
2661,-0.0319328708
2662,-0.0270121589
2663,-0.0199635545
2664,-0.0115112936
2665,-0.00203310849
2666,0.00754555854
2667,0.01655371
2668,0.0244018861
2669,0.0304264275
2670,0.0341517057
2671,0.0354629997
2672,0.0340872909
2673,0.0302451736
2674,0.0242048504
2675,0.0164039074
2676,0.00738246011
2677,-0.00207035743
2678,-0.0113890973
2679,-0.0197895979
2680,-0.0266490979
2681,-0.0314440365
2682,-0.0338756827
2683,-0.0336041309
2684,-0.0308335698
2685,-0.0256423394
2686,-0.0185196465
2687,-0.00999124856
2688,-0.000810594915
2689,0.00841293992
2690,0.0168154593
2691,0.0238274016
2692,0.0288943474
2693,0.0316505949
2694,0.0318892862
2695,0.0297225037
2696,0.0252661231
2697,0.0189677373
2698,0.011362577
2699,0.0029614097
2700,-0.00550054472
2701,-0.0134586289
2702,-0.0203094467
2703,-0.0256282651
2704,-0.0289671649
2705,-0.0302326787
2706,-0.0292752034
2707,-0.0262366687
2708,-0.0213499222
2709,-0.0150229379
2710,-0.00761951458
2711,0.000157586488
2712,0.00789799836
2713,0.0149338482
2714,0.0207948527
2715,0.0250578387
2716,0.0274200333
2717,0.0276900548
2718,0.0259307661
2719,0.0222320646
2720,0.016958844
2721,0.0104915994
2722,0.00340662213
2723,-0.0037898358
2724,-0.0104907253
2725,-0.0162261604
2726,-0.0205324183
2727,-0.0231902068
2728,-0.0239792791
2729,-0.0229835435
2730,-0.0203020577
2731,-0.0162577489
2732,-0.0111446893
2733,-0.00550734714
2734,0.000378187262
2735,0.00596308302
2736,0.0109327658
2737,0.0150119055
2738,0.0179364628
2739,0.0195934016
2740,0.019976993
2741,0.0190718122
2742,0.016995664
2743,0.0139512794
2744,0.0100898719
2745,0.00566266959
2746,0.000956459551
2747,-0.00378213597
2748,-0.00833429304
2749,-0.0123200225
2750,-0.0156339111
2751,-0.0180009779
2752,-0.0192246372
2753,-0.0192741053
2754,-0.0180421801
2755,-0.0155448606
2756,-0.0119582866
2757,-0.00741912457
2758,-0.00220970956
2759,0.00327749471
2760,0.00868117759
2761,0.0136054016
2762,0.0175636861
2763,0.0202543502
2764,0.0214241283
2765,0.0208278396
2766,0.0185271699
2767,0.0146720636
2768,0.00947068201
2769,0.00343494355
2770,-0.00293909709
2771,-0.00914320249
2772,-0.0145712059
2773,-0.0187051031
2774,-0.021282579
2775,-0.0219863489
2776,-0.0207550722
2777,-0.0178371937
2778,-0.0134028328
2779,-0.00786451662
2780,-0.00189300545
2781,0.00419943913
2782,0.00973630435
2783,0.014253288
2784,0.0174745798
2785,0.0191491481
2786,0.0190812993
2787,0.0175349262
2788,0.0145719176
2789,0.01051152
2790,0.00582955528
2791,0.000920498351
2792,-0.00387171466
2793,-0.00796636398
2794,-0.0111798185
2795,-0.0133040394
2796,-0.0140670927
2797,-0.0136395109
2798,-0.0121213992
2799,-0.00959360131
2800,-0.00652856467
2801,-0.00317621273
2802,0.000173353892
2803,0.00314923118
2804,0.00544513069
2805,0.00708811434
2806,0.00777750294
2807,0.00765895413
2808,0.00686265455
2809,0.00548058517
2810,0.00373689828
2811,0.00201426966
2812,0.000292629629
2813,-0.0010853199
2814,-0.00199125027
2815,-0.00250551376
2816,-0.00254216625
2817,-0.00213760034
2818,-0.0015235484
2819,-0.000786301863
2820,4.54098373e-05
2821,0.000595186529
2822,0.000973146045
2823,0.00107283651
2824,0.000760887876
2825,0.000163719109
2826,-0.000583977976
2827,-0.00163595359
2828,-0.00259318177
2829,-0.00347829102
2830,-0.00419302417
2831,-0.00453837622
2832,-0.00443091275
2833,-0.00398034548
2834,-0.00296429232
2835,-0.00154646482
2836,0.000152609122
2837,0.00209337529
2838,0.00412671813
2839,0.005883535
2840,0.00744730928
2841,0.00844689445
2842,0.00875597224
2843,0.00838019497
2844,0.00722894729
2845,0.00524379994
2846,0.0027645766
2847,-0.000217328037
2848,-0.00340455627
2849,-0.00643744287
2850,-0.00907743437
2851,-0.0111602764
2852,-0.0122002408
2853,-0.0123056425
2854,-0.0113373318
2855,-0.00925365521
2856,-0.00632589495
2857,-0.00280577516
2858,0.00117131013
2859,0.00504083482
2860,0.00857159287
2861,0.0114947428
2862,0.0134089478
2863,0.0142197758
2864,0.0139041983
2865,0.0123937138
2866,0.00981569177
2867,0.00658278357
2868,0.00269926716
2869,-0.00127752695
2870,-0.00506678714
2871,-0.00841309338
2872,-0.0110204281
2873,-0.0125662377
2874,-0.0132236142
2875,-0.01271887
2876,-0.0112754955
2877,-0.00907842392
2878,-0.00632625273
2879,-0.00322882149
2880,-0.000212810296
2881,0.00262290722
2882,0.00505263493
2883,0.00683600508
2884,0.00803973887
2885,0.00865550694
2886,0.00861687611
2887,0.00822021279
2888,0.00746690415
2889,0.00648899041
2890,0.00540854698
2891,0.00432778723
2892,0.00310163421
2893,0.00193309309
2894,0.00061303227
2895,-0.000847668283
2896,-0.00248214899
2897,-0.00423851154
2898,-0.00622055791
2899,-0.00810300233
2900,-0.00990206892
2901,-0.0113849221
2902,-0.0122363237
2903,-0.0123776953
2904,-0.0115853698
2905,-0.00973444369
2906,-0.0068359344
2907,-0.00304427429
2908,0.00154363977
2909,0.00650433072
2910,0.0114745192
2911,0.0160299356
2912,0.0196870234
2913,0.0219588071
2914,0.0226651794
2915,0.021423255
2916,0.018248347
2917,0.0133251488
2918,0.00685160062
2919,-0.000651643962
2920,-0.00852011587
2921,-0.0161888128
2922,-0.0228429249
2923,-0.0278419118
2924,-0.0306753028
2925,-0.0309542289
2926,-0.0284646954
2927,-0.0234310524
2928,-0.016094307
2929,-0.007076837
2930,0.00283257547
2931,0.0128187487
2932,0.0219538695
2933,0.0293710716
2934,0.0344279533
2935,0.036579396
2936,0.0356408589
2937,0.0316153417
2938,0.0248706347
2939,0.0159456645
2940,0.00558980797
2941,-0.00531161416
2942,-0.0158469361
2943,-0.0251912461
2944,-0.0324980134
2945,-0.0372843209
2946,-0.0390859009
2947,-0.0378336565
2948,-0.0335773647
2949,-0.0267311832
2950,-0.0177618849
2951,-0.00742213798
2952,0.00349826517
2953,0.0141773732
2954,0.0237581252
2955,0.031516479
2956,0.0368728887
2957,0.0393785697
2958,0.0388308306
2959,0.0353213515
2960,0.0290343979
2961,0.0205324503
2962,0.0104430002
2963,-0.000430532458
2964,-0.0111993834
2965,-0.0210219544
2966,-0.0290788737
2967,-0.0347757909
2968,-0.037572668
2969,-0.0373735565
2970,-0.0341338662
2971,-0.0282242055
2972,-0.0201197027
2973,-0.0105755202
2974,-0.000341443275
2975,0.00970099742
2976,0.0187535266
2977,0.0261585452
2978,0.0313578264
2979,0.0340056497
2980,0.0340429955
2981,0.0315488121
2982,0.0267387619
2983,0.0202432245
2984,0.0124250875
2985,0.00403557445
2986,-0.0043154313
2987,-0.0120756297
2988,-0.0187461767
2989,-0.0238301354
2990,-0.027227417
2991,-0.0286956449
2992,-0.0282645965
2993,-0.0261104671
2994,-0.0224367643
2995,-0.0174675273
2996,-0.0116984777
2997,-0.00536077082
2998,0.00116664753
2999,0.00744780067
3000,0.0132502841
3001,0.0183315644
3002,0.0222864623
3003,0.025107573
3004,0.0265343769
3005,0.0264651098
3006,0.0248694729
3007,0.021817689
3008,0.0172305072
3009,0.0114663531
3010,0.00468340612
3011,-0.00281252901
3012,-0.0104844032
3013,-0.0178744254
3014,-0.0245465746
3015,-0.0297615302
3016,-0.0331991888
3017,-0.0343908827
3018,-0.0330376513
3019,-0.0290779098
3020,-0.0226990227
3021,-0.0141104932
3022,-0.00396565178
3023,0.00701224757
3024,0.0180269736
3025,0.0281436858
3026,0.0363908013
3027,0.0421351256
3028,0.044681536
3029,0.0435988868
3030,0.0390590799
3031,0.0310547331
3032,0.0202649118
3033,0.00748954152
3034,-0.00626328622
3035,-0.0199998489
3036,-0.0323006022
3037,-0.0423875732
3038,-0.0492112823
3039,-0.0520991252
3040,-0.0508005995
3041,-0.045378743
3042,-0.0359940401
3043,-0.0236472828
3044,-0.0091707399
3045,0.00631222164
3046,0.0212901884
3047,0.0346595509
3048,0.0452799473
3049,0.0520369826
3050,0.0545194213
3051,0.0524471392
3052,0.0459045936
3053,0.0355048254
3054,0.0222780572
3055,0.00707684318
3056,-0.00846109528
3057,-0.0231789616
3058,-0.035831241
3059,-0.0453276466
3060,-0.0508598509
3061,-0.0522591449
3062,-0.0492224456
3063,-0.0422960379
3064,-0.0321156202
3065,-0.0195307104
3066,-0.00567435312
3067,0.0082724599
3068,0.0212452712
3069,0.032294157
3070,0.0404218866
3071,0.045330344
3072,0.0465807313
3073,0.0441912995
3074,0.0385354312
3075,0.0301487404
3076,0.0195971279
3077,0.00802109361
3078,-0.00387430539
3079,-0.0151313
3080,-0.0248077064
3081,-0.0323046189
3082,-0.0371858234
3083,-0.0389720711
3084,-0.0378239587
3085,-0.033915716
3086,-0.0275189786
3087,-0.0193665124
3088,-0.0101791735
3089,-0.000475844722
3090,0.0086979557
3091,0.0168521621
3092,0.0234403056
3093,0.0279785051
3094,0.0302592932
3095,0.0304031044
3096,0.0283089426
3097,0.0244338431
3098,0.0191573905
3099,0.0128509794
3100,0.00603782136
3101,-0.000681357182
3102,-0.0071229322
3103,-0.0127255465
3104,-0.0172565818
3105,-0.0206487359
3106,-0.0226864116
3107,-0.0233476778
3108,-0.0228257159
3109,-0.0210490091
3110,-0.0182183798
3111,-0.0145395096
3112,-0.010114612
3113,-0.00512519009
3114,0.000114573126
3115,0.00550678195
3116,0.010785759
3117,0.0155843103
3118,0.0197923526
3119,0.0230358406
3120,0.0250410848
3121,0.0256291032
3122,0.0246557838
3123,0.0218914424
3124,0.0175663286
3125,0.0116759367
3126,0.00455762813
3127,-0.00334753804
3128,-0.0114924708
3129,-0.0193763689
3130,-0.0261791155
3131,-0.0313682485
3132,-0.0344291481
3133,-0.0347919178
3134,-0.0323931761
3135,-0.0271941204
3136,-0.0194147228
3137,-0.00964618918
3138,0.00134415435
3139,0.012725093
3140,0.0234302114
3141,0.0324143081
3142,0.038954873
3143,0.0421917407
3144,0.0418215474
3145,0.0377744394
3146,0.0303214996
3147,0.0199992073
3148,0.00788042811
3149,-0.00520699317
3150,-0.0179220617
3151,-0.0291901134
3152,-0.0380325674
3153,-0.0436303829
3154,-0.0454862835
3155,-0.0434977007
3156,-0.037803918
3157,-0.0288999596
3158,-0.0176548703
3159,-0.00496098365
3160,0.00801462341
3161,0.0201669113
3162,0.0304558948
3163,0.0380214605
3164,0.0422082826
3165,0.04272604
3166,0.039570747
3167,0.0330639756
3168,0.023863971
3169,0.0128071915
3170,0.000965725413
3171,-0.0106643542
3172,-0.0209173441
3173,-0.0290160864
3174,-0.0342449273
3175,-0.0362011148
3176,-0.0349005519
3177,-0.0305374764
3178,-0.0236641802
3179,-0.0150688217
3180,-0.00558415626
3181,0.00386062755
3182,0.0123884757
3183,0.0193035767
3184,0.0240719905
3185,0.0264146512
3186,0.0262788568
3187,0.0238781039
3188,0.0195853187
3189,0.0139358477
3190,0.00757503179
3191,0.00108618579
3192,-0.00489484366
3193,-0.00988008332
3194,-0.0135401543
3195,-0.0156270391
3196,-0.016161094
3197,-0.0151764257
3198,-0.0130445796
3199,-0.00996455985
3200,-0.00646396287
3201,-0.00286276446
3202,0.00042630258
3203,0.00314475425
3204,0.00500378876
3205,0.00604785528
3206,0.00616685152
3207,0.00556064624
3208,0.0044309169
3209,0.00300126349
3210,0.00154214894
3211,0.000348392732
3212,-0.00042886077
3213,-0.000683664428
3214,-0.000291897741
3215,0.000576973187
3216,0.00179531792
3217,0.00325243072
3218,0.00449826727
3219,0.00545485955
3220,0.00577577152
3221,0.00533794054
3222,0.00401542172
3223,0.00196797494
3224,-0.000846744909
3225,-0.00399807397
3226,-0.0072427437
3227,-0.0101590625
3228,-0.0124032106
3229,-0.0135356819
3230,-0.0134524801
3231,-0.0119475985
3232,-0.00899962814
3233,-0.00500659884
3234,-7.93528714e-05
3235,0.00518490038
3236,0.0102917346
3237,0.0146948876
3238,0.0180151308
3239,0.0196332725
3240,0.0195621104
3241,0.0175659212
3242,0.0137958515
3243,0.00860399563
3244,0.0024376617
3245,-0.0042384321
3246,-0.0106200132
3247,-0.0161833484
3248,-0.0203869679
3249,-0.0226624246
3250,-0.0228441622
3251,-0.0208926897
3252,-0.0168177895
3253,-0.0111411863
3254,-0.00433737862
3255,0.00290129197
3256,0.00989370983
3257,0.015743588
3258,0.0201136225
3259,0.022301663
3260,0.022191919
3261,0.0198418729
3262,0.0154930298
3263,0.00955783727
3264,0.00292763199
3265,-0.00390934714
3266,-0.0100933366
3267,-0.0149140663
3268,-0.0180044763
3269,-0.0190491757
3270,-0.0178988785
3271,-0.0149308506
3272,-0.0104614653
3273,-0.0049648675
3274,0.00073286163
3275,0.00606959767
3276,0.0105211933
3277,0.0134278439
3278,0.0146328191
3279,0.0140717362
3280,0.0116960609
3281,0.00799792574
3282,0.00340894018
3283,-0.00156694779
3284,-0.00624393305
3285,-0.00995335197
3286,-0.0124647966
3287,-0.0131967021
3288,-0.0121556065
3289,-0.00946427061
3290,-0.00540511388
3291,-0.000356466344
3292,0.00481067048
3293,0.00974404289
3294,0.013631754
3295,0.0159487576
3296,0.0164377865
3297,0.0149259434
3298,0.0114167585
3299,0.00639138928
3300,0.000310967129
3301,-0.00627077409
3302,-0.0124322477
3303,-0.0175463712
3304,-0.0211313397
3305,-0.0224464265
3306,-0.0215082339
3307,-0.0182532649
3308,-0.0128675777
3309,-0.00589403163
3310,0.00187994184
3311,0.00997373666
3312,0.0172508823
3313,0.0231439154
3314,0.0270037083
3315,0.0283494656
3316,0.0269447583
3317,0.0230198352
3318,0.0167347794
3319,0.00866903181
3320,-0.00029617816
3321,-0.00957595163
3322,-0.0181271123
3323,-0.0251920542
3324,-0.0301261722
3325,-0.032499478
3326,-0.0318936309
3327,-0.0285583222
3328,-0.022601335
3329,-0.0145519265
3330,-0.00515732533
3331,0.00476927628
3332,0.0144720356
3333,0.0229131295
3334,0.0294309783
3335,0.0335182484
3336,0.0345452526
3337,0.0326130581
3338,0.0278364093
3339,0.02047339
3340,0.0113626109
3341,0.00124100944
3342,-0.00901439781
3343,-0.0183853645
3344,-0.0259572186
3345,-0.0312193335
3346,-0.0334660019
3347,-0.0326497023
3348,-0.028889164
3349,-0.0225290607
3350,-0.0142010443
3351,-0.00490721209
3352,0.00469521572
3353,0.0135364742
3354,0.0208303732
3355,0.0260808944
3356,0.0287763337
3357,0.0288168988
3358,0.026389533
3359,0.0217994584
3360,0.0155496855
3361,0.00838827804
3362,0.000942155705
3363,-0.00613974399
3364,-0.0121383435
3365,-0.0167121948
3366,-0.0195440011
3367,-0.0204753011
3368,-0.0196455165
3369,-0.0173179068
3370,-0.0137541114
3371,-0.00953694343
3372,-0.00509038825
3373,-0.000826599138
3374,0.0028086442
3375,0.00557625718
3376,0.0073789932
3377,0.00820256647
3378,0.00812381351
3379,0.00753684437
3380,0.00654723998
3381,0.00554289892
3382,0.00480000302
3383,0.00436802703
3384,0.00441464164
3385,0.00482305578
3386,0.0054021597
3387,0.00591016325
3388,0.00609961034
3389,0.00559863197
3390,0.00429507146
3391,0.00203550623
3392,-0.00112759003
3393,-0.00501628467
3394,-0.00924695058
3395,-0.013424978
3396,-0.0170480025
3397,-0.0195153482
3398,-0.0205291187
3399,-0.0196093622
3400,-0.0167201697
3401,-0.0118585563
3402,-0.00537450573
3403,0.0023661764
3404,0.0105352484
3405,0.0185148741
3406,0.0254017084
3407,0.0304569192
3408,0.0330806562
3409,0.0328370064
3410,0.0295543437
3411,0.0233965412
3412,0.0147636706
3413,0.00433527509
3414,-0.00695475948
3415,-0.0181505826
3416,-0.0281625303
3417,-0.0360354691
3418,-0.0409753467
3419,-0.0423494629
3420,-0.040040992
3421,-0.0339922241
3422,-0.0248020348
3423,-0.0131069761
3424,2.5170449e-06
3425,0.0134272064
3426,0.025830664
3427,0.0361848629
3428,0.0433888049
3429,0.0467836134
3430,0.0460220691
3431,0.0410850018
3432,0.0324016626
3433,0.0207966155
3434,0.00727230778
3435,-0.00692691664
3436,-0.0204439998
3437,-0.03216408
3438,-0.040971851
3439,-0.0461050229
3440,-0.0471917089
3441,-0.0441728375
3442,-0.0373568066
3443,-0.0274480934
3444,-0.0153284318
3445,-0.00206208043
3446,0.0111476574
3447,0.0231920114
3448,0.0331396198
3449,0.0400861521
3450,0.0436297211
3451,0.043466687
3452,0.0397343232
3453,0.0327548324
3454,0.0233013473
3455,0.0120644835
3456,0.000178937397
3457,-0.0114364198
3458,-0.021722371
3459,-0.0299280493
3460,-0.0352192601
3461,-0.0374175973
3462,-0.0362775685
3463,-0.0320121802
3464,-0.0252096161
3465,-0.0164515861
3466,-0.00662811843
3467,0.00321482805
3468,0.0123306927
3469,0.0198464468
3470,0.0251393724
3471,0.0279276911
3472,0.0281456801
3473,0.0258001127
3474,0.0215390121
3475,0.0157314152
3476,0.00909933714
3477,0.00233424898
3478,-0.00390481898
3479,-0.00927299631
3480,-0.0131375249
3481,-0.0155317073
3482,-0.0163805764
3483,-0.0157405402
3484,-0.0140147514
3485,-0.0114940349
3486,-0.00855281597
3487,-0.00554632019
3488,-0.00294975107
3489,-0.000702247682
3490,0.000815561922
3491,0.00173707987
3492,0.00216868448
3493,0.0022840671
3494,0.00220783164
3495,0.00242873746
3496,0.00284805255
3497,0.00374526375
3498,0.00516245497
3499,0.00685131058
3500,0.00871003185
3501,0.0104607938
3502,0.0116503967
3503,0.0120067475
3504,0.0112891882
3505,0.00923262862
3506,0.00582096612
3507,0.00136592188
3508,-0.00408919262
3509,-0.00981346542
3510,-0.01531703
3511,-0.0199967129
3512,-0.0232507474
3513,-0.0244392527
3514,-0.023519804
3515,-0.0201031826
3516,-0.0144923199
3517,-0.00711122462
3518,0.00146661077
3519,0.0105147209
3520,0.0189938107
3521,0.0261932219
3522,0.0313555395
3523,0.03370044
3524,0.0331365933
3525,0.0295076376
3526,0.0229680473
3527,0.0142106572
3528,0.00392038035
3529,-0.00709808915
3530,-0.0176237365
3531,-0.0268244658
3532,-0.033883497
3533,-0.0379522067
3534,-0.0387414297
3535,-0.0361732444
3536,-0.0302530302
3537,-0.0216466911
3538,-0.0111115009
3539,0.000564371721
3540,0.0122036149
3541,0.0226748191
3542,0.0312552541
3543,0.0368314798
3544,0.0390618
3545,0.0377056277
3546,0.0328450948
3547,0.0249207957
3548,0.0148288283
3549,0.00339512999
3550,-0.00819548233
3551,-0.0187482202
3552,-0.0273684244
3553,-0.0332227934
3554,-0.0357034387
3555,-0.0347868686
3556,-0.0306135878
3557,-0.023583976
3558,-0.0146424508
3559,-0.00464415514
3560,0.00552230161
3561,0.0146766049
3562,0.02216788
3563,0.0273343336
3564,0.0297297772
3565,0.0292850285
3566,0.0263045751
3567,0.0209087096
3568,0.0139564065
3569,0.00606108852
3570,-0.00208979562
3571,-0.00960212279
3572,-0.0158330647
3573,-0.0203780341
3574,-0.0227341144
3575,-0.0228048522
3576,-0.0207977655
3577,-0.0167938316
3578,-0.0114021607
3579,-0.00519489897
3580,0.00121096817
3581,0.00717040412
3582,0.0119508994
3583,0.015263617
3584,0.0167023756
3585,0.0161272427
3586,0.0138400935
3587,0.0100011439
3588,0.00515915833
3589,-5.82525723e-05
3590,-0.00503254944
3591,-0.00924729754
3592,-0.0120651155
3593,-0.0132823674
3594,-0.0127775952
3595,-0.0105506194
3596,-0.00698497862
3597,-0.00252654616
3598,0.00232057168
3599,0.00690771193
3600,0.0106106623
3601,0.0131188843
3602,0.0139277814
3603,0.013002646
3604,0.0104163659
3605,0.00640162291
3606,0.00138796389
3607,-0.00398336994
3608,-0.00919980319
3609,-0.013621385
3610,-0.0166378243
3611,-0.0179735482
3612,-0.0173486701
3613,-0.0147158994
3614,-0.0104255624
3615,-0.00474659676
3616,0.00168050279
3617,0.00817332483
3618,0.0140393479
3619,0.0186506472
3620,0.0213720719
3621,0.0219732228
3622,0.0202179099
3623,0.0163069191
3624,0.0105105097
3625,0.0035454862
3626,-0.00400498566
3627,-0.0112420512
3628,-0.0173794084
3629,-0.0218222554
3630,-0.0239773225
3631,-0.0236286973
3632,-0.0208232557
3633,-0.015829728
3634,-0.0092127183
3635,-0.00169350804
3636,0.00590584264
3637,0.0128301799
3638,0.0182473217
3639,0.0217202366
3640,0.0228412143
3641,0.0216190429
3642,0.0181965865
3643,0.0130711043
3644,0.00672870136
3645,-2.48233722e-06
3646,-0.0065187488
3647,-0.0120613217
3648,-0.0161496205
3649,-0.0184171628
3650,-0.0186475522
3651,-0.0170307157
3652,-0.0136344414
3653,-0.00909029096
3654,-0.00378422844
3655,0.00156630054
3656,0.00646124145
3657,0.01026794
3658,0.0127508672
3659,0.0134856684
3660,0.0126250676
3661,0.0102001829
3662,0.00663999989
3663,0.00237159721
3664,-0.00202613868
3665,-0.00598442369
3666,-0.00901600994
3667,-0.0106548468
3668,-0.0107541382
3669,-0.00927214451
3670,-0.00634447395
3671,-0.00244935593
3672,0.00200499934
3673,0.00633870956
3674,0.0100485605
3675,0.0124914851
3676,0.0134720179
3677,0.0126140672
3678,0.0101078432
3679,0.00608749969
3680,0.0010379808
3681,-0.00459065765
3682,-0.0099919451
3683,-0.0147624735
3684,-0.0181847403
3685,-0.0198528013
3686,-0.0195860677
3687,-0.0172098074
3688,-0.0129099448
3689,-0.00705644164
3690,-0.000133527241
3691,0.00729795118
3692,0.0143753853
3693,0.0205691371
3694,0.0251552767
3695,0.0275833675
3696,0.0275771202
3697,0.0250343042
3698,0.0199222277
3699,0.0127840511
3700,0.00406392331
3701,-0.00549181243
3702,-0.0149361221
3703,-0.0234164325
3704,-0.0301406937
3705,-0.0342297996
3706,-0.0353225906
3707,-0.0330923214
3708,-0.0276619865
3709,-0.0193492781
3710,-0.00902949774
3711,0.00259468383
3712,0.014263422
3713,0.0248923766
3714,0.0334544573
3715,0.039058758
3716,0.0410066814
3717,0.0392275622
3718,0.0336920936
3719,0.0248813763
3720,0.0137241001
3721,0.00114765791
3722,-0.0117169808
3723,-0.0234808391
3724,-0.0332688038
3725,-0.0401120409
3726,-0.0433100994
3727,-0.0426990944
3728,-0.038366304
3729,-0.0305300553
3730,-0.0202141479
3731,-0.00813959284
3732,0.00457926628
3733,0.0167238362
3734,0.0272876376
3735,0.0354384957
3736,0.0403271
3737,0.0416939175
3738,0.0395378667
3739,0.0339041985
3740,0.0255770238
3741,0.0152611518
3742,0.00391057963
3743,-0.00741990456
3744,-0.0175920573
3745,-0.0259917816
3746,-0.0316570298
3747,-0.0343269952
3748,-0.0338983934
3749,-0.0305122018
3750,-0.0246238192
3751,-0.0170431191
3752,-0.00845518796
3753,0.000301860945
3754,0.0082448192
3755,0.014925787
3756,0.0197593321
3757,0.0224364879
3758,0.0231028689
3759,0.0218633076
3760,0.019017009
3761,0.0151443873
3762,0.0107316354
3763,0.00609017449
3764,0.00190248607
3765,-0.00177533114
3766,-0.00470993522
3767,-0.00681543661
3768,-0.00817059335
3769,-0.00907903847
3770,-0.00943271836
3771,-0.00967624796
3772,-0.00989632287
3773,-0.0100137797
3774,-0.0102258657
3775,-0.0103861715
3776,-0.0102523197
3777,-0.00975802433
3778,-0.00868527119
3779,-0.00673763412
3780,-0.00400262606
3781,-0.000413846988
3782,0.00398419941
3783,0.00877686389
3784,0.013636113
3785,0.018209831
3786,0.021794386
3787,0.0239853914
3788,0.0244951242
3789,0.0227835036
3790,0.0189676711
3791,0.0131522996
3792,0.00555246358
3793,-0.00312505838
3794,-0.0121720253
3795,-0.0208775915
3796,-0.0282939861
3797,-0.0336169024
3798,-0.0363952162
3799,-0.0360473864
3800,-0.0325035224
3801,-0.0260317865
3802,-0.0169195952
3803,-0.00593881831
3804,0.00596099149
3805,0.0178889193
3806,0.0287614954
3807,0.0375550854
3808,0.0435798924
3809,0.0461599914
3810,0.0449797146
3811,0.040061357
3812,0.031743581
3813,0.0205251366
3814,0.00735645088
3815,-0.00670267462
3816,-0.0206806007
3817,-0.0331522616
3818,-0.0432353684
3819,-0.0499501356
3820,-0.0526154253
3821,-0.0508950299
3822,-0.0449618971
3823,-0.034964677
3824,-0.0218983774
3825,-0.00674775594
3826,0.0092489814
3827,0.0246333582
3828,0.0379953621
3829,0.0482239984
3830,0.0542445642
3831,0.0554336825
3832,0.0518116994
3833,0.0434693739
3834,0.0312688864
3835,0.0163663653
3836,-2.74073548e-05
3837,-0.0162732673
3838,-0.0309596444
3839,-0.042778211
3840,-0.0507492087
3841,-0.0541084073
3842,-0.0528503371
3843,-0.0469863119
3844,-0.0372665791
3845,-0.0245653739
3846,-0.0101166319
3847,0.00488408166
3848,0.019021112
3849,0.0312437595
3850,0.0405306861
3851,0.0461791385
3852,0.0479101394
3853,0.0456473898
3854,0.0398245744
3855,0.0309612045
3856,0.0200521098
3857,0.00795793636
3858,-0.00415466653
3859,-0.0153238841
3860,-0.0246454865
3861,-0.0315037984
3862,-0.0353601766
3863,-0.0362258147
3864,-0.0341135222
3865,-0.0294497639
3866,-0.0228522195
3867,-0.0149917062
3868,-0.00663751831
3869,0.00143125274
3870,0.00864562954
3871,0.0144464605
3872,0.0185848966
3873,0.0208959553
3874,0.0215477859
3875,0.0206257604
3876,0.0186033672
3877,0.0156929853
3878,0.0123821193
3879,0.00887134389
3880,0.00549480855
3881,0.0022865169
3882,-0.000631140275
3883,-0.00331530867
3884,-0.00579612382
3885,-0.0081803232
3886,-0.010432787
3887,-0.0126215902
3888,-0.0145909263
3889,-0.0162199088
3890,-0.017294459
3891,-0.0176046174
3892,-0.0168806988
3893,-0.0150153169
3894,-0.0118482551
3895,-0.00746592341
3896,-0.00196581593
3897,0.00426403221
3898,0.0109025491
3899,0.0173563279
3900,0.0230518172
3901,0.0274837982
3902,0.0300234604
3903,0.0303622028
3904,0.028222093
3905,0.0236227724
3906,0.0166717552
3907,0.00799523666
3908,-0.00198302128
3909,-0.0122660288
3910,-0.0220637837
3911,-0.0304098425
3912,-0.0365679749
3913,-0.0396936862
3914,-0.0395911552
3915,-0.0359573455
3916,-0.0290267351
3917,-0.0194073963
3918,-0.00776097129
3919,0.00486289817
3920,0.017300124
3921,0.0285072763
3922,0.0374435695
3923,0.0432192367
3924,0.0453474555
3925,0.043664375
3926,0.0380992497
3927,0.0293419205
3928,0.0179716477
3929,0.00502337015
3930,-0.008426765
3931,-0.0211495773
3932,-0.03227626
3933,-0.0405953502
3934,-0.0456426781
3935,-0.0468718668
3936,-0.0442145225
3937,-0.0378828484
3938,-0.0284608683
3939,-0.0166933524
3940,-0.00354961542
3941,0.00971260153
3942,0.0221543023
3943,0.0325643152
3944,0.040077985
3945,0.0441097456
3946,0.0443245554
3947,0.0405904931
3948,0.0335225152
3949,0.0235643841
3950,0.0117302508
3951,-0.000816095573
3952,-0.0130311895
3953,-0.0238134983
3954,-0.0320880572
3955,-0.0373015493
3956,-0.0390668346
3957,-0.0371795183
3958,-0.0321446032
3959,-0.0244826167
3960,-0.014861335
3961,-0.00450819614
3962,0.00579029356
3963,0.0150564588
3964,0.0224180834
3965,0.0273533976
3966,0.0296470334
3967,0.0290490759
3968,0.0259803673
3969,0.0208450819
3970,0.0142227516
3971,0.00688183542
3972,-0.000334052197
3973,-0.00694196309
3974,-0.0122004113
3975,-0.0157061583
3976,-0.0174465002
3977,-0.0172674873
3978,-0.015426919
3979,-0.0124394753
3980,-0.0086106912
3981,-0.00455660225
3982,-0.000839348882
3983,0.00220902915
3984,0.0043093528
3985,0.00516646363
3986,0.00503726991
3987,0.00400163379
3988,0.00231583059
3989,0.000509267483
3990,-0.00106765164
3991,-0.00216938948
3992,-0.00233334429
3993,-0.00156134057
3994,3.26130922e-05
3995,0.00248868309
3996,0.00524867311
3997,0.00796426144
3998,0.0102317783
3999,0.0115726547
4000,0.0115768002
