0,-0.0683891666
1,0.681719606
2,0.38648845
3,0.312129209
4,0.348736042
5,0.276936719
6,0.74374059
7,0.200266367
8,-0.309884356
9,-0.0917409531
10,-0.408480499
11,1.2639937
12,2.12825969
13,2.4632995
14,3.00585614
15,1.74167076
16,1.29634804
17,1.38937794
18,1.31003215
19,0.937383218
20,0.712291583
21,0.0204930429
22,-0.201064884
23,-0.409537386
24,-0.674346641
25,-0.541456004
26,0.798798238
27,1.64974315
28,1.74211472
29,0.248056437
30,0.721079988
31,0.254932708
32,-0.201898862
33,0.133334175
34,-0.788868975
35,0.493050851
36,0.456056461
37,0.227203566
38,-0.160302414
39,0.738436701
40,0.199985858
41,0.179626505
42,0.203821528
43,-0.622150343
44,-1.58842207
45,-1.38562703
46,-2.00262556
47,-2.65498132
48,-2.22172604
49,-0.232534997
50,-0.172086314
51,0.0353103662
52,-0.297501522
53,-0.484893054
54,-0.565208608
55,-0.878829864
56,0.976931235
57,0.639364227
58,2.41103637
59,1.26700416
60,0.825063192
61,0.82624506
62,0.779227833
63,0.642496526
64,-0.623010884
65,0.490553829
66,-0.398219423
67,-0.285072605
68,-0.235246125
69,-0.782822887
70,-1.47350097
71,-0.203920782
72,-2.18650481
73,-2.05974988
74,-1.79633643
75,-0.322956171
76,0.554237531
77,0.0804112551
78,-0.508058885
79,0.260493067
80,-1.14841141
81,-0.322188519
82,-0.822949822
83,-1.26977316
84,-2.60933101
85,-2.48460223
86,-1.34007803
87,-2.32579826
88,-1.62612851
89,-2.06276609
90,-0.445148357
91,0.215639722
92,-0.282490354
93,0.434402677
94,-1.73069382
95,-1.72183457
96,-1.61205025
97,0.145166498
98,1.17446564
99,1.68470158
100,1.99794974
101,2.46679431
102,2.46109454
103,3.49639697
104,3.59654118
105,1.95460154
106,1.98127534
107,1.71040163
108,0.959813912
109,0.0709290324
110,0.734096469
111,-0.242048784
112,0.777017004
113,1.74769249
114,1.26325786
115,1.97317811
116,0.330540903
117,0.524581148
118,0.139394662
119,-0.210926214
120,-0.99534588
121,-2.2380632
122,-0.881522992
123,-0.147679812
124,0.672375313
125,0.58522782
126,1.43294005
127,0.0924164071
128,0.854363372
129,1.40949295
130,-0.722345934
131,-0.307466774
132,-0.473342856
133,1.04660548
134,0.234275683
135,0.85504096
136,0.648084519
137,-0.218244368
138,-0.612437712
139,0.0275488612
140,-0.788598791
141,-0.118628739
142,-0.113380795
143,0.530818301
144,0.111474711
145,0.0385430459
146,0.264585082
147,0.414925054
148,-0.0284874725
149,-0.0883078225
150,-1.40317375
151,-0.31783488
152,0.761745269
153,1.60068867
154,-0.149291048
155,0.487220639
156,0.31971494
157,0.187884336
158,0.708636521
159,0.491710329
160,0.303122798
161,0.402917677
162,-0.714793517
163,-0.0719901474
164,0.451761074
165,-0.121645649
166,0.218174034
167,-1.23616286
168,-0.366366257
169,0.292745461
170,0.964176589
171,0.266108938
172,-0.224530146
173,-0.679244727
174,-0.617081994
175,0.0954610976
176,-0.462648061
177,-0.367054712
178,1.07039895
179,0.660570955
180,1.43603727
181,-0.0363462344
182,0.519685791
183,-0.00732292676
184,1.11761631
185,0.553701961
186,-0.207043769
187,-0.243178596
188,-0.679201091
189,0.336817522
190,-0.256177343
191,-0.16221174
192,-0.183701515
193,-0.307900722
194,-1.29349476
195,-0.387944003
196,-1.31045092
197,-1.42865932
198,-0.612832691
199,-1.92875618e-05
200,-0.359234843
201,0.259444745
202,-0.85604081
203,-0.977943862
204,-2.22219569
205,-1.19356491
206,-1.0772368
207,-0.482708742
208,-0.744505515
209,0.405933147
210,-0.418259506
211,0.00278512833
212,0.633650557
213,0.780096166
214,1.07707576
215,-0.0958766582
216,-0.302760645
217,-1.70773193
218,-0.347065104
219,0.665604439
220,1.41241373
221,0.955837549
222,0.112190339
223,-0.0867566398
224,0.123011605
225,-0.390156578
226,-0.374757498
227,0.107149251
228,0.689940819
229,0.578475031
230,1.11477863
231,-0.775499408
232,-0.948143991
233,-0.177532845
234,-0.106230703
235,-0.899137579
236,-1.25108701
237,-0.501098158
238,-0.740082443
239,-0.501505438
240,0.32892786
241,0.0315967782
242,-0.6171569
243,1.08834176
244,1.25231868
245,1.95256229
246,0.42193905
247,0.24816622
248,-1.21887225
249,-1.1486682
250,-1.02929315
251,-0.583912812
252,-1.52250341
253,-2.00273484
254,-0.858408762
255,-0.308754434
256,0.505172435
257,0.387523983
258,0.785904368
259,0.309295386
260,0.557949234
261,0.160544293
262,0.0828812724
263,-0.0597693053
264,0.123181792
265,-0.653968001
266,-1.4461364
267,-2.34653461
268,-2.67487904
269,-2.8510525
270,-2.56033687
271,-2.23694877
272,-1.73373671
273,-1.13580973
274,0.221764608
275,-0.474019082
276,0.116825006
277,0.103005254
278,-0.789227561
279,-1.53774358
280,-0.825854308
281,-0.555801631
282,0.240328204
283,-0.293262175
284,-0.140688577
285,-1.12302031
286,-1.11583078
287,0.0576393692
288,0.708620873
289,-0.012750697
290,0.224072331
291,-0.681207187
292,-0.786595806
293,-0.23856905
294,-0.676848246
295,-1.79683109
296,-0.878566155
297,-0.910982838
298,0.170304997
299,-0.053426151
300,-0.29337971
301,0.0971047062
302,0.814939706
303,-0.499766705
304,-0.0223617543
305,0.934382154
306,1.83002474
307,1.8782796
308,0.339372448
309,1.86214186
310,1.08703735
311,0.406319714
312,0.955457197
313,0.996738502
314,1.10389857
315,0.527542763
316,-0.108202778
317,0.917243625
318,-0.227895508
319,-0.459057093
320,0.579906439
321,0.905567751
322,0.0988679755
323,-1.13469363
324,0.0745729077
325,0.233948546
326,0.27236001
327,1.50146641
328,-0.401186123
329,-0.0608803001
330,-0.64317361
331,0.602370585
332,0.434046671
333,0.267713843
334,-1.47754302
335,-1.29217103
336,-0.328591406
337,-0.661144245
338,-1.59602285
339,-0.767992285
340,-0.569177775
341,0.529042906
342,0.88484459
343,1.18448995
344,1.06665425
345,0.70090025
346,0.959722572
347,-0.0990290607
348,-0.900269227
349,0.003792092
350,-0.102552018
351,-0.616677428
352,-1.62124635
353,-0.614576093
354,-1.19215543
355,-1.45987765
356,-1.57969382
357,-0.188749771
358,-0.12661629
359,0.0905089331
360,-0.384563276
361,0.615829287
362,0.953814748
363,0.802313414
364,0.978464848
365,0.990831835
366,-0.789296811
367,-0.289371777
368,0.656820387
369,0.164868156
370,0.193225487
371,-1.82954014
372,-0.569416084
373,-1.49249938
374,-1.00009426
375,-0.600015215
376,0.514042073
377,-0.767268248
378,-1.35956128
379,0.581841641
380,-0.205546566
381,-0.461138153
382,-0.979214276
383,-0.203874413
384,-0.382291006
385,-0.311488157
386,1.32770649
387,1.06505001
388,0.375069671
389,0.164682397
390,-0.238655356
391,0.561301571
392,-0.644134994
393,-0.252257086
394,0.25894558
395,1.04549778
396,1.48625382
397,0.577418507
398,-0.113379637
399,-0.582998178
400,-0.679278628
401,0.528371044
402,0.247681564
403,0.566218051
404,-0.516186093
405,0.419641698
406,0.953540755
407,0.29563871
408,-0.511503637
409,0.232002621
410,0.218188515
411,0.0175767824
412,1.25541036
413,1.42153904
414,-0.484277266
415,-0.783569002
416,-0.917091456
417,-2.27849098
418,-2.24685803
419,-0.990491248
420,-0.0192478782
421,0.296590379
422,0.964024948
423,1.52029607
424,2.15463127
425,1.14335041
426,-0.302494462
427,-0.363943768
428,-0.421325464
429,0.434429135
430,0.132819295
431,-0.375932121
432,-0.612203625
433,-0.830871203
434,-1.07355883
435,-0.164582947
436,-0.0451274284
437,-1.17796873
438,-0.380932366
439,0.173125499
440,0.883240703
441,1.06224416
442,0.243238633
443,-0.587080289
444,-0.472837367
445,0.247960912
446,0.295602997
447,0.743344241
448,1.00449219
449,-0.301764157
450,0.287209379
451,0.672097865
452,0.961711957
453,-0.167327794
454,0.563451469
455,0.0453391615
456,-0.261079594
457,0.501086137
458,2.12421998
459,2.68365149
460,3.10337724
461,2.48188469
462,2.21008163
463,1.63391432
464,0.852939381
465,1.12609522
466,0.859290659
467,0.466594882
468,1.2003319
469,0.477347853
470,1.14610577
471,0.423879155
472,-0.688632653
473,-1.06265225
474,-1.46532653
475,-1.70201333
476,-1.74202934
477,-1.1716595
478,-0.137935563
479,0.288047017
480,0.757227759
481,0.88176178
482,1.20997904
483,1.59108668
484,0.517343626
485,0.464832815
486,0.862895343
487,0.984731144
488,0.775706415
489,1.7377319
490,0.0897310936
491,1.16123988
492,0.705220915
493,0.207157103
494,1.19256168
495,0.413672349
496,-0.931559597
497,-0.488505816
498,-0.557653967
499,-0.752024484
500,0.214509643
501,0.167209182
502,-0.606440249
503,-0.685334285
504,-1.17523169
505,1.03260217
506,1.25515962
507,0.268032483
508,1.33549668
509,-0.980732474
510,-0.834886173
511,-0.8560256
512,-1.18322749
513,-0.853863182
514,-0.789611968
515,-0.745383818
516,-0.516479983
517,0.693096516
518,0.876634744
519,1.79196992
520,1.09936384
521,0.827490162
522,0.331378565
523,0.650089863
524,-0.137255173
525,-1.32245116
526,-1.43844822
527,-1.02089767
528,-0.129615142
529,0.00933252092
530,0.670993235
531,-0.655775307
532,0.640024823
533,0.482079942
534,1.51984221
535,1.88742475
536,1.89476299
537,1.92706747
538,1.37339167
539,1.68501635
540,1.03497219
541,2.32551811
542,1.05170147
543,1.36985435
544,1.33981616
545,1.31294252
546,1.24447478
547,0.950830623
548,1.63373981
549,2.30652403
550,1.57436292
551,2.00890934
552,1.76724191
553,2.46249034
554,1.6975316
555,1.33542923
556,0.44258092
557,0.212301671
558,1.12748931
559,0.406393944
560,-0.499987299
561,-0.732615568
562,-1.28463511
563,-0.941363242
564,-1.6921591
565,-1.38774776
566,-2.22091701
567,-1.13107752
568,-1.09693478
569,-0.489687089
570,-0.32317801
571,-0.254567728
572,-0.0400509077
573,-0.187673835
574,-0.195119844
575,-0.798193957
576,0.966567638
577,1.91107614
578,1.36293442
579,0.132995488
580,-0.251200154
581,-0.474902985
582,-0.703240542
583,0.48414437
584,0.448256675
585,1.32248018
586,0.765120525
587,-0.483378654
588,0.168355704
589,0.527926875
590,0.412793941
591,1.02215924
592,0.74931325
593,0.799354962
594,1.21958405
595,0.732327817
596,-0.087759622
597,0.339290634
598,0.853242953
599,0.660945598
600,1.30685894
601,1.89817794
602,0.861181684
603,0.949564402
604,0.300195148
605,-0.881413637
606,-0.208470212
607,-1.14035339
608,-0.639980628
609,0.257845183
610,0.50995723
611,-0.0287483258
612,0.593974177
613,-0.112974716
614,-0.703019502
615,-0.605803023
616,0.904910777
617,0.933491312
618,0.553699321
619,1.01457949
620,0.160091925
621,-0.0729945639
622,0.009182047
623,-0.427492528
624,0.201262796
625,1.07397538
626,0.793105455
627,1.06109604
628,1.5547586
629,-0.165319379
630,-0.62299538
631,0.205067696
632,-0.473446236
633,-0.639029051
634,-1.99965096
635,-1.18225396
636,-1.67155319
637,-1.24816134
638,-0.702394621
639,-0.638993955
640,0.604802646
641,0.986070646
642,0.711703773
643,0.90775188
644,0.850164888
645,0.0591659694
646,-0.635051672
647,-0.0379611779
648,-0.119670924
649,-0.847544256
650,-1.37551679
651,-0.945480836
652,-1.09787316
653,-1.55435273
654,-1.67428861
655,-2.55060701
656,-2.64129792
657,-1.66785069
658,-0.0835443367
659,0.163490077
660,-0.219816079
661,-1.26947532
662,-0.210172675
663,-0.737407357
664,-0.477189781
665,-1.20452163
666,-0.397440752
667,-2.2154055
668,-0.279136051
669,0.497645251
670,-0.0593589161
671,0.469238008
672,0.10352125
673,-0.954162463
674,-1.0881405
675,-2.35983692
676,-0.59512295
677,0.552413228
678,0.742518778
679,1.77501624
680,1.56807775
681,0.0622830431
682,-0.445058908
683,-0.269972402
684,1.27717668
685,0.53354633
686,1.64491691
687,1.26076442
688,1.57235459
689,0.970366809
690,0.0250414661
691,0.14706285
692,1.32459683
693,0.677467502
694,0.123179975
695,-1.03385375
696,-0.601537789
697,-0.398236837
698,-1.44383565
699,0.397603894
700,0.547044929
701,-0.704428438
702,-0.264177582
703,0.425400225
704,0.162569398
705,-0.498511931
706,-0.431593783
707,-0.0851291101
708,0.216156792
709,1.24191548
710,-0.317984338
711,1.15401049
712,1.22680558
713,1.89444326
714,1.63666797
715,-0.243462773
716,0.68906548
717,1.22191262
718,1.78929822
719,1.24410862
720,0.943820213
721,0.868012086
722,0.89180518
723,0.616431506
724,0.317729745
725,0.45813941
726,-0.007019482
727,-0.668360544
728,-1.00910252
729,-0.805792367
730,0.406697733
731,0.206058334
732,-0.308653759
733,0.690093768
734,1.13354767
735,0.704556229
736,0.874315534
737,-0.456367372
738,-0.0668228636
739,0.239424536
740,0.013716452
741,0.183651628
742,-0.211133135
743,0.467550554
744,0.301163208
745,-0.184358311
746,0.266168519
747,-0.816826692
748,0.0792440776
749,0.552825864
750,0.501776029
751,1.10151145
752,0.653985526
753,0.317819364
754,1.13695563
755,0.202157047
756,0.358077777
757,0.0671737345
758,1.46678068
759,-0.201114214
760,-1.03776952
761,-0.928733108
762,-0.484423169
763,-0.310220085
764,0.441278199
765,0.738867698
766,1.1802686
767,0.913991485
768,0.584036508
769,0.95416816
770,0.8006507
771,0.99756205
772,0.0684058442
773,0.863686457
774,0.93323983
775,0.111999284
776,-0.0348561104
777,0.428842742
778,0.490551234
779,-0.0103675951
780,-1.58963222
781,-0.482131788
782,-0.360765218
783,-0.135132913
784,-0.640203899
785,-1.06565021
786,-0.569184946
787,0.574888929
788,0.768690475
789,0.356413146
790,0.847950688
791,-0.362909837
792,-0.834002694
793,1.02347277
794,0.104114951
795,-0.453390715
796,-1.17411509
797,-0.978992365
798,-0.215409025
799,-0.191649409
800,0.724235288
801,0.558418727
802,0.210740856
803,-0.826198936
804,0.809159029
805,0.616208362
806,1.00234597
807,2.21236041
808,0.501496891
809,-0.0129065338
810,0.262665543
811,0.101652702
812,0.0182735063
813,-0.749797797
814,-1.16187528
815,-0.621133483
816,-0.455060205
817,-0.0804993912
818,0.853523898
819,0.59045972
820,2.08396209
821,1.46043488
822,0.157040599
823,1.04556802
824,1.34875887
825,0.137370295
826,0.948563216
827,-0.0313536924
828,0.736019194
829,1.38705213
830,1.83229968
831,0.984017509
832,-0.151194714
833,-0.258506126
834,-0.0202514668
835,0.281857041
836,1.19772531
837,1.56951809
838,1.86386989
839,0.562457445
840,1.01274861
841,-0.16135416
842,-0.321063437
843,-1.67706394
844,-0.147154313
845,-0.0341404002
846,-0.556663704
847,0.562826278
848,0.919937233
849,0.329643577
850,0.215934626
851,0.307388075
852,0.743621691
853,1.41022374
854,1.40089577
855,0.817805402
856,1.15169547
857,1.2693692
858,0.722125655
859,0.261359166
860,-0.053647883
861,1.28555884
862,1.26985094
863,0.267471623
864,-1.04468321
865,-0.235971897
866,0.459671578
867,1.53392586
868,2.01685539
869,0.99746834
870,0.292755178
871,0.371182377
872,0.181741985
873,0.856344813
874,0.74247315
875,1.09398508
876,1.32354749
877,1.13432985
878,1.19926285
879,1.34537792
880,1.78875931
881,1.26252906
882,0.693925338
883,1.20920535
884,0.795125564
885,0.821404175
886,0.738315428
887,1.72884026
888,0.425248581
889,-1.20896452
890,-1.15798564
891,-0.0909070999
892,-1.11057597
893,-0.0653115576
894,-0.199859819
895,-1.94267847
896,-0.187152902
897,0.96946997
898,1.03671892
899,1.35577075
900,1.01063027
901,-0.173669746
902,-0.781280898
903,-0.138884197
904,0.184798321
905,-0.894823512
906,-1.55821308
907,-0.875417052
908,-0.0825074039
909,-0.343731136
910,-0.572370049
911,-0.367078303
912,0.0598565593
913,-0.215170077
914,0.646528689
915,1.75545686
916,0.213365447
917,-0.662435538
918,-1.0027513
919,-0.539761923
920,-0.10838675
921,-1.01892262
922,-0.178788663
923,-0.145012636
924,-0.512208922
925,0.431852508
926,0.114143695
927,1.28285328
928,1.28202978
929,-0.178795043
930,-0.459158194
931,1.06214303
932,0.279396563
933,-0.00773120465
934,0.695361796
935,0.496941668
936,1.01735923
937,1.7697937
938,2.1531573
939,2.76841
940,1.50907193
941,1.71487079
942,1.69930091
943,1.79829986
944,2.17021683
945,1.39617556
946,0.716645442
947,0.434093656
948,-0.810564144
949,-1.70102398
950,-1.84872096
951,-1.02958635
952,-0.0579751261
953,0.388863986
954,-0.338870649
955,-1.42162392
956,0.0371118091
957,-0.877657308
958,-0.753857159
959,-0.465164524
960,-0.335071169
961,1.21448074
962,0.087722305
963,0.151097396
964,-0.697712977
965,0.131883272
966,-0.0391937131
967,-1.04850278
968,-0.908464975
969,-0.517338404
970,-0.368566018
971,-0.564012012
972,-0.690606927
973,-0.535239057
974,-0.768875924
975,-1.65530796
976,-2.37440195
977,-1.73226307
978,-1.967882
979,-2.33175655
980,-2.39276861
981,-2.75597542
982,-1.33756661
983,-0.948133551
984,-0.422984342
985,-0.475144723
986,-0.673080285
987,-1.32541767
988,-2.09971824
989,-2.53267341
990,-0.776122306
991,-1.01364696
992,-1.37298154
993,-0.439465246
994,0.962017905
995,0.11633874
996,-0.611242868
997,0.0682488298
998,-0.194889803
999,0.840848009
1000,2.01212353
1001,1.91389978
1002,0.702332576
1003,0.0195277695
1004,-0.0377411087
1005,-1.05259496
1006,-1.60126309
1007,-1.45658961
1008,-0.836675847
1009,0.230701271
1010,0.826570387
1011,0.801361669
1012,0.0803939871
1013,0.314917499
1014,0.810217798
1015,1.19338294
1016,2.15891946
1017,1.12223141
1018,1.26230063
1019,1.69535322
1020,2.18545022
1021,0.754185863
1022,0.985985673
1023,1.30418859
1024,0.148505744
1025,0.143414804
1026,1.31787083
1027,0.143287947
1028,1.65056142
1029,1.52693022
1030,1.08056019
1031,0.700337153
1032,-1.56862814
1033,-2.12280799
1034,-1.28916767
1035,-1.18263222
1036,-1.01634683
1037,-0.970129254
1038,-0.851870253
1039,-0.21500297
1040,0.770620866
1041,1.88170436
1042,0.433484711
1043,0.530281989
1044,0.0837677753
1045,-0.520222496
1046,0.182363002
1047,1.59991718
1048,1.13474119
1049,0.819996938
1050,0.377270328
1051,0.59601114
1052,-0.288142272
1053,-0.336790701
1054,-1.0277993
1055,-1.06317469
1056,-1.99336963
1057,-0.171725778
1058,1.36503975
1059,-0.245228834
1060,-0.707100401
1061,-0.603447963
1062,-0.190264434
1063,0.726012607
1064,0.365859556
1065,-0.780439089
1066,-0.0731815461
1067,-0.518663451
1068,0.354317088
1069,0.405574886
1070,-0.870678632
1071,-1.87126648
1072,-0.670495685
1073,1.60066553
1074,1.09421322
1075,0.24393844
1076,-0.900511922
1077,-0.812703528
1078,-0.0606866949
1079,0.175757288
1080,0.967958069
1081,1.20352418
1082,1.42157484
1083,0.472160053
1084,0.351719055
1085,-0.742441595
1086,-0.981356782
1087,-1.87540691
1088,-1.81778211
1089,-2.20897164
1090,-0.963875566
1091,-0.281542485
1092,2.15272748
1093,0.890775907
1094,-0.393076415
1095,0.473238917
1096,-0.758991902
1097,0.612480233
1098,1.36856638
1099,0.222649418
1100,-0.617500478
1101,0.781120194
1102,0.539888574
1103,0.149889429
1104,0.1311563
1105,-0.649263142
1106,0.576528258
1107,1.03456383
1108,1.15909009
1109,-0.0163623566
1110,-0.0814929201
1111,1.35072815
1112,-0.164277343
1113,0.0341050806
1114,0.702381638
1115,-0.385434253
1116,0.069447392
1117,-0.881556702
1118,-0.772302106
1119,1.68450748
1120,-0.225968096
1121,0.174064104
1122,1.07496345
1123,0.0911655535
1124,0.212756712
1125,0.650010079
1126,1.89961451
1127,2.48323746
1128,2.3816632
1129,1.65758764
1130,0.292401819
1131,0.847603968
1132,0.278699141
1133,0.326129933
1134,0.730444283
1135,-0.139959461
1136,0.772239052
1137,-0.406037279
1138,0.336417298
1139,-0.179796904
1140,-0.40968938
1141,0.625316586
1142,0.266932246
1143,-0.558482045
1144,-0.844921598
1145,0.119676327
1146,0.130139539
1147,0.723231716
1148,0.0845223467
1149,0.0423949224
1150,0.62965806
1151,0.170418702
1152,0.65151921
1153,1.94760373
1154,2.41874183
1155,1.7046897
1156,1.35536671
1157,0.522071701
1158,0.0956918761
1159,-1.24052209
1160,-1.76204959
1161,-1.12013335
1162,-0.113894942
1163,0.157722586
1164,0.330908199
1165,-0.688756357
1166,-1.31047676
1167,-0.501288736
1168,0.0617098446
1169,0.427463977
1170,-0.581820697
1171,0.294125395
1172,-0.50527069
1173,-0.711352652
1174,-0.309158893
1175,-0.633531064
1176,-1.46999027
1177,-0.476577064
1178,0.432683364
1179,-1.20224868
1180,-1.19519286
1181,-0.680194839
1182,-0.128457278
1183,0.339143473
1184,0.408593597
1185,-0.238532863
1186,-0.487493108
1187,0.0888236552
1188,-1.07595575
1189,-1.73279188
1190,-1.32863582
1191,-1.24529817
1192,-1.07267708
1193,-0.0280319148
1194,-0.00421450643
1195,0.301547178
1196,0.0892574663
1197,-0.290741107
1198,0.320863808
1199,-0.301434092
1200,0.744665982
1201,0.11551324
1202,0.107874429
1203,-0.811871611
1204,0.0480187767
1205,-0.00187390645
1206,1.03971751
1207,0.574814969
1208,0.340748123
1209,0.480451042
1210,0.104119458
1211,-0.00811273106
1212,-0.966875924
1213,0.668487327
1214,1.49938998
1215,1.36423436
1216,1.79480103
1217,-0.0097762206
1218,-0.0285723812
1219,-0.166516928
1220,0.342299909
1221,0.267923279
1222,-1.43788677
1223,-0.543272304
1224,-0.334535859
1225,1.46741082
1226,0.656952152
1227,0.379138449
1228,0.782114535
1229,0.349586602
1230,0.897549943
1231,-0.578955985
1232,-0.744373615
1233,-1.14219662
1234,-1.2342199
1235,-0.277746805
1236,-0.056189004
1237,-1.63749845
1238,-1.85864855
1239,-1.04700333
1240,-2.02678099
1241,-1.15957288
1242,-1.63742097
1243,-1.55130139
1244,-0.709282561
1245,-2.01512671
1246,-2.15834193
1247,-2.30630151
1248,-2.05228926
1249,-1.64259601
1250,-1.77426577
1251,-1.00893185
1252,-0.0451134698
1253,-0.136943363
1254,-0.295395912
1255,-0.363025978
1256,-0.793758325
1257,-1.16209115
1258,-1.46071518
1259,-0.603320774
1260,-0.478356748
1261,-0.638245139
1262,-0.155371228
1263,-0.577422504
1264,0.117567458
1265,0.222548886
1266,1.46229002
1267,0.884468819
1268,0.176803429
1269,-0.259312929
1270,0.225112972
1271,-1.35784669
1272,-0.125484657
1273,0.261439523
1274,0.625582581
1275,-0.0464122556
1276,-0.625520682
1277,-0.231281202
1278,0.639041537
1279,0.229636598
1280,0.715736113
1281,0.896053376
1282,1.32528548
1283,0.660994647
1284,0.110133846
1285,-0.240986119
1286,0.607362964
1287,-0.566516979
1288,-0.775796977
1289,-0.368514359
1290,1.25579267
1291,0.500159974
1292,0.352168541
1293,-0.907538237
1294,0.496095692
1295,-0.0119772422
1296,1.11364
1297,1.54394278
1298,0.859071323
1299,0.905948385
1300,0.769631271
1301,1.12497274
1302,1.02337162
1303,0.956854333
1304,-0.0454083061
1305,0.14906092
1306,-0.202497227
1307,-0.236830756
1308,-0.143659456
1309,0.9934702
1310,0.819727835
1311,1.34880521
1312,2.05581947
1313,2.94001409
1314,1.99489597
1315,0.774358266
1316,-0.0681980544
1317,-0.0325132172
1318,0.23237495
1319,-0.214456793
1320,-0.247922775
1321,0.0927097159
1322,0.400265556
1323,0.0467008239
1324,0.889890354
1325,0.830592721
1326,0.0355625997
1327,0.400377532
1328,1.22873516
1329,0.0604030783
1330,0.830970791
1331,1.38881699
1332,0.424333995
1333,0.725067777
1334,0.483289932
1335,-0.212236731
1336,0.610697221
1337,1.00832001
1338,0.2076652
1339,-1.30726481
1340,-2.51347905
1341,-1.82753824
1342,-2.27424741
1343,-2.19935018
1344,-1.69657387
1345,-1.26881834
1346,-2.10987343
1347,-0.0994611875
1348,1.10599205
1349,0.795305017
1350,1.19519435
1351,1.91311802
1352,1.77178966
1353,1.93220191
1354,1.29292811
1355,0.352712511
1356,0.131603647
1357,0.690258671
1358,0.525650892
1359,-0.112942834
1360,-0.981732664
1361,-1.10824367
1362,-2.37081877
1363,-1.69181527
1364,-2.12958967
1365,-1.51232822
1366,0.194036425
1367,-0.113104751
1368,-0.0392976474
1369,-0.540708642
1370,-0.105350853
1371,-0.557409082
1372,0.094598418
1373,-0.974023321
1374,-0.260289981
1375,0.581056023
1376,0.863088748
1377,0.745405921
1378,0.139703688
1379,0.0588745706
1380,0.662847323
1381,-0.216375269
1382,-0.37004766
1383,-0.224483216
1384,0.385788673
1385,-0.382564559
1386,0.47285506
1387,-1.26406422
1388,-2.05220909
1389,0.123331485
1390,-0.164087961
1391,0.354601971
1392,0.157292599
1393,1.54825403
1394,0.42108215
1395,0.165252986
1396,1.56256818
1397,0.506540851
1398,-1.44534498
1399,-0.460056033
1400,-0.665823156
1401,-0.842929261
1402,-2.34935597
1403,-3.31342183
1404,-1.62745379
1405,-1.05623007
1406,-1.61474236
1407,-0.797200049
1408,-0.156339722
1409,-0.72975143
1410,-1.86800956
1411,-0.929207398
1412,-0.660578996
1413,-1.45742235
1414,-0.0702997186
1415,-0.828441372
1416,-1.65167111
1417,-2.68017094
1418,-2.52098699
1419,-0.78554909
1420,-0.0165007195
1421,-0.467654489
1422,0.874909841
1423,-0.708838922
1424,-0.311643752
1425,0.335716845
1426,-0.0227028953
1427,0.0280649646
1428,0.470875169
1429,0.0712594321
1430,-0.224579103
1431,-0.205854556
1432,0.352117444
1433,0.488583028
1434,-0.0732737686
1435,-1.8794225
1436,-1.60515456
1437,-1.24427682
1438,-2.85638013
1439,-1.41167183
1440,-0.556047815
1441,-0.408438091
1442,0.094354603
1443,-0.443223121
1444,-0.388043985
1445,-0.663987517
1446,-0.648144655
1447,-0.60133143
1448,-0.73810572
1449,-0.948066132
1450,-1.21940705
1451,-0.223864131
1452,0.0674666022
1453,0.413451806
1454,0.0322512651
1455,0.654027764
1456,0.611399906
1457,1.42181379
1458,0.267035652
1459,0.674015142
1460,0.225053338
1461,-0.607170414
1462,-0.890383632
1463,-1.06190744
1464,0.278785189
1465,0.616529897
1466,0.488920174
1467,0.43956759
1468,0.569525775
1469,1.40766616
1470,0.372772328
1471,0.717296811
1472,0.013515757
1473,0.800368946
1474,0.685426868
1475,0.623595844
1476,0.435152304
1477,0.366904922
1478,0.547764737
1479,1.42928074
1480,1.20751222
1481,1.36722836
1482,0.823324632
1483,-0.420475546
1484,-1.15567899
1485,-0.85641683
1486,-1.97303326
1487,-1.76624022
1488,-1.50339746
1489,-0.311362061
1490,-0.561372282
1491,-1.42399773
1492,-0.296912204
1493,-0.588886336
1494,-1.36731618
1495,-2.48795871
1496,-1.98521172
1497,-1.64901918
1498,-0.764499909
1499,-0.856635546
1500,-1.24068195
1501,-2.17940846
1502,-0.644722871
1503,0.162155241
1504,0.262583533
1505,0.180588265
1506,-0.230636332
1507,1.04203775
1508,1.03518891
1509,0.830848788
1510,0.468272819
1511,1.13484056
1512,1.9339315
1513,0.743505972
1514,0.623511154
1515,-0.0475216139
1516,0.0739245513
1517,0.207082635
1518,0.834937013
1519,0.132846146
1520,0.719193493
1521,0.733718405
1522,0.264073284
1523,0.387213848
1524,0.672698638
1525,0.17333713
1526,-0.354068133
1527,-0.479593694
1528,-0.737256331
1529,-0.733544578
1530,-0.342735498
1531,-0.407148824
1532,0.529220796
1533,-0.275933699
1534,-0.348956932
1535,0.187768186
1536,-1.18471974
1537,-2.02411354
1538,-0.98282696
1539,-0.583025754
1540,-0.543046095
1541,-1.24981521
1542,-1.88560754
1543,-1.052237
1544,-0.785642695
1545,-1.17027144
1546,-0.537831393
1547,-0.998737345
1548,-0.677224919
1549,-0.61250799
1550,-0.253176833
1551,-0.632085467
1552,0.570610406
1553,1.01195293
1554,0.755140042
1555,-1.34336813
1556,-0.885587733
1557,-0.108212903
1558,-0.397189846
1559,1.11383018
1560,0.684823135
1561,-0.516847349
1562,-0.437326391
1563,-0.373107006
1564,0.0828626808
1565,-0.0999782023
1566,0.508546109
1567,-0.179091492
1568,0.685877104
1569,0.579694979
1570,-0.0357226012
1571,-0.553418629
1572,0.324551565
1573,-0.442142146
1574,-0.244573715
1575,-0.635975869
1576,-1.03435576
1577,-1.11342397
1578,-0.203690398
1579,-0.567874629
1580,1.31717782
1581,0.196233104
1582,-0.950360134
1583,-1.24115305
1584,-1.57555234
1585,-2.48154382
1586,-0.940802491
1587,-0.651385608
1588,-0.784277364
1589,-0.755104183
1590,-0.547410569
1591,-1.72296972
1592,-1.06088285
1593,-1.18343213
1594,-0.171211625
1595,0.566824104
1596,1.73002291
1597,-0.462438356
1598,-1.33426652
1599,-0.996613048
1600,-0.0617943739
1601,-1.0752078
1602,-0.22553347
1603,-0.19316451
1604,0.161241526
1605,1.19525937
1606,-0.70465602
1607,-0.798931369
1608,-1.42327067
1609,-0.128118377
1610,-0.675269107
1611,-0.771479848
1612,-0.775565171
1613,-0.881937513
1614,1.27383467
1615,0.0946313143
1616,0.234088117
1617,-0.263608577
1618,1.34511204
1619,1.29579386
1620,0.424194338
1621,0.0961495791
1622,-2.39223183
1623,-1.66435349
1624,-0.382723629
1625,0.279122534
1626,-0.610056616
1627,-0.0379056886
1628,-0.236666835
1629,-0.607222151
1630,-0.548018435
1631,-1.07677852
1632,-0.448554637
1633,-0.553468779
1634,-1.09180908
1635,-1.6905337
1636,-0.148549402
1637,-0.693911308
1638,-0.493424347
1639,0.227779398
1640,-0.633288384
1641,-0.116275169
1642,0.69896148
1643,-0.598721032
1644,-0.300465409
1645,-0.720526351
1646,-0.588267422
1647,-0.603790637
1648,-0.628621245
1649,0.473228658
1650,-1.12576637
1651,-0.304989271
1652,0.249447425
1653,1.92979526
1654,1.2102261
1655,1.19135287
1656,0.531739842
1657,1.00671493
1658,0.903557718
1659,1.86998923
1660,0.893632876
1661,-0.712636024
1662,1.02868498
1663,1.28363922
1664,0.388428765
1665,1.50742684
1666,0.288356395
1667,-0.779477015
1668,-1.73396364
1669,-1.40497504
1670,-0.402238797
1671,0.0124226342
1672,0.468752065
1673,-0.964351556
1674,-0.324516362
1675,0.437501238
1676,-0.928491633
1677,0.253344554
1678,-0.36128205
1679,-0.254456729
1680,0.566207679
1681,0.817922483
1682,-0.837125225
1683,-1.14487405
1684,-0.761045323
1685,-0.74842138
1686,0.168139164
1687,-0.767632226
1688,-1.30026992
1689,-1.11813281
1690,-1.20409213
1691,-0.406886119
1692,0.0101167338
1693,0.0179505931
1694,-0.407898882
1695,-0.963233697
1696,-0.246813634
1697,0.414421552
1698,0.503305979
1699,1.41003003
1700,0.812998575
1701,1.26640825
1702,1.93781632
1703,0.789920101
1704,-0.079983356
1705,-0.560060858
1706,-0.91220566
1707,-1.53830465
1708,0.747333734
1709,0.600577222
1710,-0.681762172
1711,-0.948816571
1712,-0.335253714
1713,0.122253875
1714,-0.768000069
1715,-0.294959389
1716,0.214456429
1717,-0.427163711
1718,-0.361558958
1719,0.240557069
1720,-0.469659318
1721,-1.45218615
1722,-0.753717124
1723,-1.28193177
1724,-1.61875027
1725,0.831351687
1726,1.01543983
1727,0.664378817
1728,0.644843412
1729,0.93422051
1730,-0.182316094
1731,-0.737906463
1732,-1.08251335
1733,-2.2528066
1734,-1.62709659
1735,-0.886406924
1736,0.523599257
1737,0.279962754
1738,-1.09119677
1739,-1.56664697
1740,-2.35847815
1741,-2.2442821
1742,-2.0227294
1743,-2.51991279
1744,-1.3195731
1745,-0.209412813
1746,-0.840474639
1747,-1.22138461
1748,-1.10180064
1749,-0.788544958
1750,-1.13364283
1751,-0.517158981
1752,-0.469855774
1753,-0.995433458
1754,-0.477826844
1755,-1.39436329
1756,-0.867351712
1757,-0.705759413
1758,0.801961448
1759,1.52893072
1760,1.33431852
1761,-0.394476255
1762,0.539196049
1763,0.0714873086
1764,0.789815657
1765,-0.508252767
1766,-0.964609813
1767,-0.632284551
1768,-0.367008123
1769,0.538130562
1770,0.670853088
1771,1.31070771
1772,1.79929929
1773,1.13912755
1774,0.451160909
1775,0.300298997
1776,0.558977684
1777,0.136114504
1778,-0.124952662
1779,1.02000154
1780,0.353134313
1781,0.80983772
1782,-0.0146215832
1783,-0.170469492
1784,-0.95412616
1785,-0.721400142
1786,-0.201736631
1787,-0.672347198
1788,-0.369690978
1789,-0.899193238
1790,-1.52543086
1791,-0.462373059
1792,-1.92955435
1793,-1.43459418
1794,-0.238417103
1795,-0.973241504
1796,-2.30578524
1797,-1.60657424
1798,-1.60048564
1799,-1.62611794
1800,-1.65880954
1801,-0.693475268
1802,-0.183981504
1803,1.28201218
1804,1.74443572
1805,1.41592253
1806,0.461210972
1807,1.02192156
1808,0.589479375
1809,0.515657125
1810,-0.177092984
1811,-0.212637184
1812,0.826108693
1813,0.233997499
1814,0.120740142
1815,-0.765573316
1816,-1.7458187
1817,-2.03008532
1818,-1.51246109
1819,-1.63669685
1820,-0.187711092
1821,0.411596004
1822,-0.0883101597
1823,0.267686531
1824,-0.334642992
1825,-1.03781424
1826,-0.0656589941
1827,0.808124943
1828,0.322355665
1829,0.434624398
1830,0.33765097
1831,-0.63198482
1832,-1.11943236
1833,-0.887563364
1834,0.150397583
1835,1.21572893
1836,0.815045836
1837,0.714043759
1838,0.392082106
1839,-0.0772580204
1840,-0.249477556
1841,-0.547657933
1842,-0.631125605
1843,-1.37673138
1844,0.0512890721
1845,-0.0433401186
1846,0.0881891869
1847,1.35308902
1848,0.582214166
1849,0.4904374
1850,0.363944997
1851,0.771260803
1852,1.58867913
1853,0.951806999
1854,1.391595
1855,0.0623956435
1856,0.564220847
1857,1.39364768
1858,1.95583965
1859,1.41808451
1860,1.54778767
1861,2.1303457
1862,2.04738253
1863,1.34262891
1864,1.44057643
1865,1.10391035
1866,0.684645801
1867,-0.32096324
1868,-2.21094014
1869,-2.69609212
1870,-1.89548805
1871,-0.61079833
1872,1.50605934
1873,0.399451928
1874,-0.155859153
1875,0.51318026
1876,0.227050619
1877,0.442989671
1878,0.13254856
1879,-0.177808454
1880,0.999219438
1881,1.18749975
1882,1.70630413
1883,0.860829576
1884,0.11576567
1885,0.00596132533
1886,0.427727927
1887,1.70128236
1888,0.848660511
1889,-0.169250692
1890,-0.238858749
1891,-0.617583268
1892,0.00959693575
1893,-0.0971079173
1894,0.0252371805
1895,1.20939208
1896,1.34093166
1897,1.1932744
1898,0.63689552
1899,-0.445483752
1900,-0.256995901
1901,-1.14134722
1902,-1.11207481
1903,-1.11736184
1904,-0.351362026
1905,-0.0833639938
1906,-0.144608804
1907,-0.133234133
1908,-0.410530795
1909,0.0194189785
1910,-1.33090661
1911,-0.945171598
1912,-1.57638245
1913,-1.37268726
1914,-0.0764120691
1915,0.369895468
1916,-0.622341231
1917,-1.01403515
1918,-0.528174529
1919,-0.123125528
1920,-0.114230823
1921,1.4330149
1922,2.16995713
1923,1.13403656
1924,0.519782906
1925,0.0462982009
1926,0.513657207
1927,0.259582914
1928,0.320241612
1929,0.558761315
1930,1.29629791
1931,2.05398279
1932,1.51407256
1933,0.643053344
1934,-0.619219708
1935,-0.766725462
1936,-1.41728079
1937,-0.146546043
1938,-0.0511622882
1939,-0.873607453
1940,0.723264535
1941,0.475847709
1942,0.355926007
1943,0.166840862
1944,-0.458536488
1945,-0.302535175
1946,-0.534466755
1947,-0.908335263
1948,-0.65009557
1949,-0.658640829
1950,0.439001223
1951,-0.562187447
1952,0.412317841
1953,-0.0804702537
1954,-0.375018988
1955,-1.58083935
1956,-1.0473345
1957,-1.19109858
1958,-1.34137094
1959,-0.93689027
1960,-1.86170182
1961,-1.27132309
1962,-0.620809004
1963,0.163646406
1964,-0.218993247
1965,0.27703285
1966,-0.194489467
1967,0.134152084
1968,1.09894006
1969,2.26327157
1970,2.35464461
1971,-0.00229030402
1972,0.0186431554
1973,-0.00780904545
1974,-0.891147824
1975,-1.26839245
1976,-1.06989962
1977,-0.979087184
1978,-0.100171108
1979,-0.219973629
1980,0.802782134
1981,0.960018742
1982,0.127804601
1983,-0.247246961
1984,0.500076582
1985,0.601379077
1986,0.937201977
1987,-0.374067473
1988,-0.7513503
1989,-0.193256009
1990,-0.306084964
1991,0.0336602994
1992,0.498773866
1993,1.97792968
1994,1.17581029
1995,-0.203329439
1996,0.447815426
1997,0.579950464
1998,0.90376683
1999,0.153095466
2000,0.0026518595
