   2.4725670e+05   1.5825000e+03
   2.4726050e+05   1.4634000e+03
   2.4726420e+05   1.5292000e+03
   2.4726790e+05   1.5710000e+03
   2.4727160e+05   1.5627000e+03
   2.4727530e+05   1.5668000e+03
   2.4727900e+05   1.5783000e+03
   2.4728280e+05   1.5062000e+03
   2.4728650e+05   1.5355000e+03
   2.4729020e+05   1.5219000e+03
   2.4729390e+05   1.5114000e+03
   2.4729760e+05   1.4602000e+03
   2.4730130e+05   1.5093000e+03
   2.4730500e+05   1.5009000e+03
   2.4730880e+05   1.6797000e+03
   2.4731250e+05   1.5302000e+03
   2.4731620e+05   1.4895000e+03
   2.4731990e+05   1.5491000e+03
   2.4732360e+05   1.4330000e+03
   2.4732730e+05   1.4758000e+03
   2.4733110e+05   1.4498000e+03
   2.4733480e+05   1.4686000e+03
   2.4733850e+05   1.5448000e+03
   2.4734220e+05   1.5418000e+03
   2.4734590e+05   1.6525000e+03
   2.4734960e+05   1.5574000e+03
   2.4735330e+05   1.5543000e+03
   2.4735520e+05   1.5533000e+03
   2.4735890e+05   1.7737000e+03
   2.4736260e+05   1.6316000e+03
   2.4736640e+05   1.7079000e+03
   2.4737010e+05   1.7205000e+03
   2.4737380e+05   1.6797000e+03
   2.4737750e+05   1.8731000e+03
   2.4738120e+05   2.1510000e+03
   2.4738490e+05   2.5631000e+03
   2.4738860e+05   2.5087000e+03
   2.4739240e+05   2.1928000e+03
   2.4739610e+05   2.2733000e+03
   2.4739980e+05   1.6870000e+03
   2.4740350e+05   1.6379000e+03
   2.4740720e+05   1.7225000e+03
   2.4741090e+05   1.7392000e+03
   2.4741470e+05   1.8020000e+03
   2.4741840e+05   1.5814000e+03
   2.4742210e+05   1.4613000e+03
   2.4742580e+05   1.5428000e+03
   2.4742950e+05   1.4278000e+03
   2.4743320e+05   1.4477000e+03
   2.4743700e+05   1.6484000e+03
   2.4744070e+05   1.5449000e+03
   2.4744440e+05   1.5062000e+03
   2.4744810e+05   1.5407000e+03
   2.4745180e+05   1.5364000e+03
   2.4745550e+05   1.6023000e+03
   2.4745920e+05   1.5135000e+03
   2.4746300e+05   1.5721000e+03
   2.4746670e+05   1.5135000e+03
   2.4747040e+05   1.6546000e+03
   2.4747410e+05   1.8970000e+03
   2.4747600e+05   2.0266000e+03
   2.4747780e+05   2.1500000e+03
   2.4748150e+05   2.2420000e+03
   2.4748340e+05   2.4479000e+03
   2.4748530e+05   2.5691000e+03
   2.4748710e+05   2.2713000e+03
   2.4748900e+05   2.2534000e+03
   2.4749270e+05   2.1750000e+03
   2.4749450e+05   2.1687000e+03
   2.4749640e+05   2.2534000e+03
   2.4749830e+05   2.1531000e+03
   2.4750010e+05   2.2207000e+03
   2.4750200e+05   2.2147000e+03
   2.4750380e+05   2.0496000e+03
   2.4750570e+05   1.9629000e+03
   2.4750750e+05   1.8511000e+03
   2.4750940e+05   2.0966000e+03
   2.4751130e+05   2.0078000e+03
   2.4751310e+05   2.4155000e+03
   2.4751500e+05   2.4343000e+03
   2.4751680e+05   2.1342000e+03
   2.4751870e+05   2.1448000e+03
   2.4752060e+05   2.1301000e+03
   2.4752240e+05   2.3549000e+03
   2.4752430e+05   2.2827000e+03
   2.4752610e+05   2.2796000e+03
   2.4752800e+05   2.3686000e+03
   2.4752980e+05   2.1008000e+03
   2.4753170e+05   2.0883000e+03
   2.4753360e+05   2.3978000e+03
   2.4753540e+05   2.3391000e+03
   2.4753730e+05   2.4719000e+03
   2.4753910e+05   2.3718000e+03
   2.4754100e+05   2.4292000e+03
   2.4754280e+05   2.3100000e+03
   2.4754470e+05   2.2106000e+03
   2.4754660e+05   2.3412000e+03
   2.4754840e+05   2.2189000e+03
   2.4755030e+05   2.3077000e+03
   2.4755210e+05   2.4302000e+03
   2.4755400e+05   2.4416000e+03
   2.4755580e+05   2.3821000e+03
   2.4755770e+05   2.3288000e+03
   2.4755960e+05   2.4134000e+03
   2.4756140e+05   2.3392000e+03
   2.4756330e+05   2.3968000e+03
   2.4756510e+05   2.3465000e+03
   2.4756890e+05   2.4574000e+03
   2.4757260e+05   2.0350000e+03
   2.4757630e+05   1.9326000e+03
   2.4758000e+05   1.8887000e+03
   2.4758370e+05   1.7487000e+03
   2.4758740e+05   1.6619000e+03
   2.4759110e+05   1.7737000e+03
   2.4759490e+05   1.8281000e+03
   2.4759860e+05   1.6734000e+03
   2.4760230e+05   1.6640000e+03
   2.4760600e+05   1.6452000e+03
   2.4760970e+05   1.5898000e+03
   2.4761340e+05   1.6838000e+03
   2.4761720e+05   1.6484000e+03
   2.4762090e+05   1.7873000e+03
   2.4762460e+05   1.7790000e+03
   2.4762830e+05   1.7173000e+03
   2.4763200e+05   1.6473000e+03
   2.4763570e+05   1.4800000e+03
   2.4763950e+05   1.4602000e+03
   2.4764320e+05   1.5553000e+03
   2.4764690e+05   1.4738000e+03
   2.4765060e+05   1.4989000e+03
   2.4765430e+05   1.4894000e+03
   2.4765800e+05   1.5324000e+03
   2.4766170e+05   1.5344000e+03
   2.4766550e+05   1.5835000e+03
   2.4766920e+05   1.4329000e+03
   2.4767290e+05   1.5700000e+03
   2.4767660e+05   1.6734000e+03
   2.4768030e+05   1.5971000e+03
   2.4768400e+05   1.4937000e+03
   2.4768780e+05   1.6609000e+03
   2.4769150e+05   1.5930000e+03
   2.4769520e+05   1.6170000e+03
   2.4769890e+05   1.6254000e+03
   2.4770360e+05   1.6818000e+03
   2.4770830e+05   1.6849000e+03
   2.4771290e+05   1.5407000e+03
   2.4771760e+05   1.4759000e+03
   2.4772230e+05   1.7622000e+03
   2.4772700e+05   1.7445000e+03
   2.4773170e+05   1.6839000e+03
   2.4773640e+05   1.5564000e+03
   2.4774100e+05   1.4853000e+03
   2.4774340e+05   1.5396000e+03
   2.4774570e+05   1.5396000e+03
   2.4775040e+05   1.4476000e+03
   2.4775510e+05   1.4936000e+03
   2.4775980e+05   1.5061000e+03
   2.4776440e+05   1.5292000e+03
   2.4776680e+05   1.6118000e+03
   2.4776910e+05   1.4444000e+03
   2.4777150e+05   1.4843000e+03
   2.4777380e+05   1.6410000e+03
   2.4777620e+05   1.4592000e+03
   2.4777850e+05   1.3661000e+03
   2.4778080e+05   1.4477000e+03
   2.4778320e+05   1.5866000e+03
   2.4778550e+05   1.4977000e+03
   2.4778790e+05   1.5396000e+03
   2.4779020e+05   1.5585000e+03
   2.4779250e+05   1.6191000e+03
   2.4779490e+05   1.6504000e+03
   2.4779720e+05   1.6139000e+03
   2.4779960e+05   1.7152000e+03
   2.4780190e+05   1.9138000e+03
   2.4780420e+05   1.9806000e+03
   2.4780660e+05   1.8772000e+03
   2.4780890e+05   2.1228000e+03
   2.4781130e+05   1.8667000e+03
   2.4781360e+05   2.3140000e+03
   2.4781600e+05   2.3098000e+03
   2.4781830e+05   2.1396000e+03
   2.4782060e+05   2.0235000e+03
   2.4782530e+05   1.6337000e+03
   2.4783000e+05   1.6463000e+03
   2.4783470e+05   1.7225000e+03
   2.4783940e+05   1.8438000e+03
   2.4784400e+05   1.7351000e+03
   2.4784870e+05   1.5950000e+03
   2.4785340e+05   1.5543000e+03
   2.4785810e+05   1.7894000e+03
   2.4786280e+05   1.8155000e+03
   2.4786750e+05   1.5836000e+03
   2.4787210e+05   1.5584000e+03
   2.4787680e+05   1.5960000e+03
   2.4788150e+05   1.4884000e+03
   2.4788620e+05   1.5742000e+03
   2.4789090e+05   1.6285000e+03
   2.4789550e+05   1.7999000e+03
   2.4790020e+05   1.7518000e+03
   2.4790490e+05   1.4696000e+03
   2.4790960e+05   1.6431000e+03
   2.4791430e+05   2.0977000e+03
   2.4791900e+05   2.6103000e+03
   2.4792360e+05   2.3821000e+03
   2.4792830e+05   1.9890000e+03
   2.4793300e+05   1.9064000e+03
   2.4793770e+05   1.8270000e+03
   2.4794240e+05   1.8490000e+03
   2.4794470e+05   1.7894000e+03
   2.4794710e+05   1.7047000e+03
   2.4794940e+05   1.7957000e+03
   2.4795170e+05   1.9430000e+03
   2.4795410e+05   1.8782000e+03
   2.4795640e+05   1.7946000e+03
   2.4795880e+05   1.8709000e+03
   2.4796110e+05   1.9033000e+03
   2.4796340e+05   1.8761000e+03
   2.4796580e+05   1.8929000e+03
   2.4797050e+05   1.9002000e+03
   2.4797280e+05   1.7539000e+03
   2.4797510e+05   1.7811000e+03
   2.4797750e+05   1.8897000e+03
   2.4797980e+05   1.9294000e+03
   2.4798220e+05   1.7539000e+03
   2.4798450e+05   1.8793000e+03
   2.4798680e+05   1.9869000e+03
   2.4798920e+05   1.9169000e+03
   2.4799150e+05   1.8835000e+03
   2.4799390e+05   1.8699000e+03
   2.4799620e+05   1.7685000e+03
   2.4799860e+05   1.8835000e+03
   2.4800090e+05   1.8354000e+03
   2.4800320e+05   1.8500000e+03
   2.4800560e+05   1.8803000e+03
   2.4800790e+05   1.9451000e+03
   2.4801030e+05   1.9273000e+03
   2.4801260e+05   2.0548000e+03
   2.4801490e+05   1.9158000e+03
   2.4801730e+05   2.0475000e+03
   2.4801960e+05   2.0841000e+03
   2.4802200e+05   2.0433000e+03
   2.4802430e+05   2.1113000e+03
   2.4802660e+05   1.9994000e+03
   2.4802900e+05   1.9587000e+03
   2.4803130e+05   1.9284000e+03
   2.4803370e+05   1.8072000e+03
   2.4803600e+05   1.8155000e+03
   2.4803840e+05   1.8103000e+03
   2.4804070e+05   1.8626000e+03
   2.4804300e+05   1.9451000e+03
   2.4804540e+05   1.8343000e+03
   2.4804770e+05   2.0287000e+03
   2.4805010e+05   1.9441000e+03
   2.4805240e+05   1.9451000e+03
   2.4805470e+05   1.7205000e+03
   2.4805710e+05   1.7110000e+03
   2.4805940e+05   1.6494000e+03
   2.4806180e+05   1.6034000e+03
   2.4806410e+05   1.6651000e+03
   2.4806640e+05   1.6797000e+03
   2.4806880e+05   1.6640000e+03
   2.4807110e+05   1.6275000e+03
   2.4807350e+05   1.7205000e+03
   2.4807580e+05   1.6891000e+03
   2.4807810e+05   1.6609000e+03
   2.4808050e+05   1.7612000e+03
   2.4808280e+05   1.7654000e+03
   2.4808520e+05   1.8051000e+03
   2.4808750e+05   1.7027000e+03
   2.4808990e+05   1.8166000e+03
   2.4809220e+05   1.7675000e+03
   2.4809450e+05   1.7162000e+03
   2.4809690e+05   1.7037000e+03
   2.4809920e+05   1.6672000e+03
   2.4810160e+05   1.6985000e+03
   2.4810390e+05   1.6023000e+03
   2.4810730e+05   1.7069000e+03
   2.4811060e+05   1.7675000e+03
   2.4811400e+05   1.6567000e+03
   2.4811740e+05   1.6870000e+03
   2.4812080e+05   1.6598000e+03
   2.4812410e+05   1.5867000e+03
   2.4812750e+05   1.7016000e+03
   2.4813090e+05   1.7027000e+03
   2.4813430e+05   1.6734000e+03
   2.4813760e+05   1.7142000e+03
   2.4814100e+05   1.7508000e+03
   2.4814440e+05   1.6536000e+03
   2.4814780e+05   1.7967000e+03
   2.4815110e+05   1.7957000e+03
   2.4815450e+05   1.7288000e+03
   2.4815870e+05   1.7602000e+03
   2.4816300e+05   2.1448000e+03
   2.4816720e+05   2.4354000e+03
   2.4817140e+05   2.2053000e+03
   2.4817560e+05   2.3632000e+03
   2.4817980e+05   1.9441000e+03
   2.4818410e+05   1.9556000e+03
   2.4818830e+05   1.7894000e+03
   2.4819160e+05   1.8030000e+03
   2.4819500e+05   1.7758000e+03
   2.4819840e+05   1.6776000e+03
   2.4820180e+05   1.8030000e+03
   2.4820510e+05   1.8824000e+03
   2.4820850e+05   1.8166000e+03
   2.4821190e+05   1.7936000e+03
   2.4821530e+05   1.6409000e+03
   2.4821860e+05   1.6598000e+03
   2.4822200e+05   1.8657000e+03
   2.4822540e+05   1.6389000e+03
   2.4822880e+05   1.6578000e+03
   2.4823210e+05   1.6556000e+03
   2.4823550e+05   1.6358000e+03
   2.4823890e+05   1.5396000e+03
   2.4824230e+05   1.6369000e+03
   2.4824560e+05   1.6494000e+03
   2.4824900e+05   1.6097000e+03
   2.4825240e+05   1.6787000e+03
   2.4825580e+05   1.6839000e+03
   2.4825910e+05   1.7131000e+03
   2.4826250e+05   1.6682000e+03
   2.4826590e+05   1.7759000e+03
   2.4826930e+05   1.6149000e+03
   2.4827260e+05   1.5971000e+03
   2.4827600e+05   1.6306000e+03
   2.4827770e+05   1.5501000e+03
   2.4827940e+05   1.4634000e+03
   2.4828280e+05   1.5187000e+03
   2.4828610e+05   1.6954000e+03
   2.4828950e+05   1.5992000e+03
   2.4829290e+05   1.6254000e+03
   2.4829630e+05   1.6587000e+03
   2.4829960e+05   1.7873000e+03
   2.4830300e+05   1.8417000e+03
   2.4830640e+05   2.0956000e+03
   2.4830980e+05   2.1541000e+03
   2.4831310e+05   2.2127000e+03
   2.4831650e+05   2.0266000e+03
   2.4831990e+05   2.0684000e+03
   2.4832330e+05   1.9169000e+03
   2.4832660e+05   1.9671000e+03
   2.4833000e+05   2.0799000e+03
   2.4833340e+05   2.6698000e+03
   2.4833680e+05   2.4008000e+03
   2.4834010e+05   2.4262000e+03
   2.4834350e+05   2.2305000e+03
   2.4834690e+05   2.7066000e+03
   2.4835030e+05   2.7180000e+03
   2.4835360e+05   2.9909000e+03
   2.4835700e+05   2.9960000e+03
   2.4836040e+05   3.0024000e+03
   2.4836380e+05   3.2585000e+03
   2.4836710e+05   3.4891000e+03
   2.4837050e+05   3.4002000e+03
   2.4837390e+05   3.1095000e+03
   2.4837730e+05   3.0805000e+03
   2.4838060e+05   2.9451000e+03
   2.4838400e+05   2.8623000e+03
   2.4839080e+05   2.0904000e+03
   2.4839750e+05   1.7570000e+03
   2.4840430e+05   1.6254000e+03
   2.4841100e+05   1.4770000e+03
   2.4841780e+05   1.5501000e+03
   2.4842450e+05   1.6400000e+03
   2.4842790e+05   1.6828000e+03
   2.4843130e+05   1.7174000e+03
   2.4843460e+05   1.6922000e+03
   2.4843800e+05   1.5078000e+03
   2.4844140e+05   1.5898000e+03
   2.4844480e+05   1.5626000e+03
   2.4844810e+05   1.6609000e+03
   2.4845150e+05   1.5647000e+03
   2.4845490e+05   1.6076000e+03
   2.4845830e+05   1.6149000e+03
   2.4846160e+05   1.5428000e+03
   2.4846500e+05   1.6518000e+03
   2.4846840e+05   2.0486000e+03
   2.4847180e+05   1.9023000e+03
   2.4847510e+05   1.7884000e+03
   2.4847850e+05   1.5282000e+03
   2.4848190e+05   1.5491000e+03
   2.4848530e+05   1.6033000e+03
   2.4848860e+05   1.6170000e+03
   2.4849200e+05   1.4361000e+03
   2.4849540e+05   1.5061000e+03
   2.4849880e+05   1.5742000e+03
   2.4850210e+05   1.6065000e+03
   2.4850550e+05   1.4926000e+03
   2.4850890e+05   1.6901000e+03
   2.4851360e+05   1.5573000e+03
   2.4851830e+05   1.5710000e+03
   2.4852300e+05   1.6420000e+03
   2.4852770e+05   1.5616000e+03
   2.4853240e+05   1.6745000e+03
   2.4853720e+05   1.5605000e+03
   2.4854190e+05   1.5982000e+03
   2.4854660e+05   1.5605000e+03
   2.4855130e+05   1.5647000e+03
   2.4855600e+05   1.6170000e+03
   2.4856070e+05   1.6881000e+03
   2.4856540e+05   1.5563000e+03
   2.4857010e+05   1.6044000e+03
   2.4857480e+05   1.6860000e+03
   2.4857950e+05   1.6598000e+03
   2.4858420e+05   1.5804000e+03
   2.4858900e+05   1.4383000e+03
   2.4859370e+05   1.4700000e+03
   2.4859840e+05   1.5755000e+03
   2.4860310e+05   1.5156000e+03
   2.4860780e+05   1.4757000e+03
   2.4861250e+05   1.5595000e+03
   2.4861720e+05   1.5188000e+03
   2.4862190e+05   1.5345000e+03
   2.4862660e+05   1.7027000e+03
   2.4863130e+05   1.8500000e+03
   2.4863610e+05   1.5156000e+03
   2.4864080e+05   1.5815000e+03
   2.4864550e+05   1.4926000e+03
   2.4865020e+05   1.6023000e+03
   2.4865490e+05   1.4716000e+03
   2.4865960e+05   1.5501000e+03
   2.4866430e+05   1.5637000e+03
   2.4866900e+05   1.8155000e+03
   2.4867370e+05   2.1709000e+03
   2.4867840e+05   2.1532000e+03
   2.4868310e+05   2.8988000e+03
   2.4868790e+05   3.0991000e+03
   2.4869260e+05   2.8492000e+03
   2.4869730e+05   2.3475000e+03
   2.4870200e+05   2.2168000e+03
   2.4870670e+05   2.2127000e+03
   2.4871140e+05   1.9180000e+03
   2.4871610e+05   2.0548000e+03
   2.4872080e+05   1.8678000e+03
   2.4872550e+05   1.8908000e+03
   2.4873020e+05   2.0319000e+03
   2.4873490e+05   2.0946000e+03
   2.4873970e+05   2.1551000e+03
   2.4874440e+05   2.1041000e+03
   2.4874910e+05   2.1969000e+03
   2.4875380e+05   2.3924000e+03
   2.4875850e+05   2.6322000e+03
   2.4876320e+05   2.9321000e+03
   2.4876790e+05   2.6839000e+03
   2.4877260e+05   3.1783000e+03
   2.4877730e+05   2.5717000e+03
   2.4878670e+05   1.8093000e+03
   2.4879620e+05   1.5658000e+03
   2.4880560e+05   1.2520000e+03
   2.4881500e+05   1.4340000e+03
   2.4882440e+05   1.3514000e+03
   2.4883380e+05   1.3471000e+03
   2.4884330e+05   1.2604000e+03
   2.4885270e+05   1.3263000e+03
   2.4886210e+05   1.2739000e+03
   2.4887150e+05   1.2864000e+03
   2.4888090e+05   1.4298000e+03
   2.4889040e+05   1.2646000e+03
   2.4889980e+05   1.2248000e+03
   2.4890920e+05   1.2993000e+03
   2.4891740e+05   1.3870000e+03
   2.4892430e+05   1.4027000e+03
   2.4893120e+05   1.3723000e+03
   2.4893810e+05   1.4528000e+03
   2.4894500e+05   1.3013000e+03
   2.4895190e+05   1.2090000e+03
   2.4895540e+05   1.2352000e+03
   2.4899680e+05   2.2807000e+03
   2.4900030e+05   2.5298000e+03
   2.4900370e+05   2.4814000e+03
   2.4900720e+05   2.2649000e+03
   2.4901060e+05   2.1113000e+03
   2.4901410e+05   2.4019000e+03
   2.4901760e+05   3.2828000e+03
   2.4902100e+05   2.8389000e+03
   2.4902450e+05   2.5222000e+03
   2.4902790e+05   2.4552000e+03
   2.4903140e+05   2.2911000e+03
   2.4903480e+05   2.6362000e+03
   2.4903830e+05   2.8548000e+03
   2.4904170e+05   2.1949000e+03
   2.4904520e+05   2.4784000e+03
   2.4904870e+05   2.5925000e+03
   2.4905210e+05   2.4261000e+03
   2.4905560e+05   2.3914000e+03
   2.4905900e+05   2.6993000e+03
   2.4906590e+05   2.4993000e+03
   2.4907280e+05   2.5548000e+03
   2.4907630e+05   2.8392000e+03
   2.4907980e+05   1.8824000e+03
   2.4908320e+05   1.8929000e+03
   2.4908670e+05   1.9785000e+03
   2.4909010e+05   2.0339000e+03
   2.4909360e+05   2.0214000e+03
   2.4909700e+05   1.6933000e+03
   2.4910050e+05   1.9399000e+03
   2.4910390e+05   2.0674000e+03
   2.4910740e+05   1.9598000e+03
   2.4911090e+05   1.9890000e+03
   2.4911430e+05   2.3496000e+03
   2.4911780e+05   2.6647000e+03
   2.4912120e+05   2.5415000e+03
   2.4912470e+05   2.6071000e+03
   2.4912810e+05   2.0841000e+03
   2.4913160e+05   1.8929000e+03
   2.4913500e+05   1.9409000e+03
   2.4913850e+05   2.0256000e+03
   2.4914200e+05   2.2503000e+03
   2.4914540e+05   2.2682000e+03
   2.4914890e+05   2.2514000e+03
   2.4915230e+05   1.9106000e+03
   2.4915580e+05   1.8249000e+03
   2.4916270e+05   1.9326000e+03
   2.4916610e+05   2.0747000e+03
   2.4916960e+05   2.3528000e+03
   2.4917310e+05   2.1499000e+03
   2.4918000e+05   2.1573000e+03
   2.4918340e+05   2.2659000e+03
   2.4918690e+05   1.9911000e+03
   2.4919030e+05   2.3100000e+03
   2.4919380e+05   2.1240000e+03
   2.4919720e+05   2.4427000e+03
   2.4920410e+05   1.9159000e+03
   2.4921110e+05   2.1134000e+03
   2.4921800e+05   2.0945000e+03
   2.4922490e+05   2.0621000e+03
   2.4923180e+05   2.0412000e+03
   2.4923870e+05   2.2492000e+03
   2.4924560e+05   2.0225000e+03
   2.4925250e+05   1.9932000e+03
   2.4925940e+05   2.1092000e+03
   2.4926630e+05   2.1312000e+03
   2.4927330e+05   2.0517000e+03
   2.4927670e+05   2.0109000e+03
   2.4928020e+05   2.0998000e+03
   2.4928360e+05   2.3434000e+03
   2.4928710e+05   1.9618000e+03
   2.4929050e+05   1.8981000e+03
   2.4929400e+05   1.8082000e+03
   2.4929740e+05   1.8375000e+03
   2.4930090e+05   1.8856000e+03
   2.4930440e+05   1.8438000e+03
   2.4930780e+05   2.2525000e+03
   2.4931130e+05   2.6182000e+03
   2.4931470e+05   2.9409000e+03
   2.4931820e+05   2.3026000e+03
   2.4932220e+05   1.9148000e+03
   2.4932640e+05   1.9107000e+03
   2.4933060e+05   2.0539000e+03
   2.4933480e+05   2.4658000e+03
   2.4933890e+05   2.8434000e+03
   2.4934310e+05   3.0786000e+03
   2.4934730e+05   2.6301000e+03
   2.4935150e+05   2.5568000e+03
   2.4935570e+05   2.7384000e+03
   2.4935990e+05   2.5454000e+03
   2.4936400e+05   2.4113000e+03
   2.4936820e+05   2.4155000e+03
   2.4937240e+05   2.6937000e+03
   2.4937660e+05   2.6428000e+03
   2.4938080e+05   2.4471000e+03
   2.4938500e+05   2.1083000e+03
   2.4938920e+05   2.0632000e+03
   2.4939330e+05   2.1302000e+03
   2.4939750e+05   2.1385000e+03
   2.4940170e+05   2.2084000e+03
   2.4940590e+05   2.2043000e+03
   2.4941010e+05   2.1280000e+03
   2.4941430e+05   2.0830000e+03
   2.4941840e+05   2.1103000e+03
   2.4942260e+05   2.4480000e+03
   2.4942680e+05   2.2890000e+03
   2.4943100e+05   2.5963000e+03
   2.4943520e+05   2.7789000e+03
   2.4943940e+05   2.9103000e+03
   2.4944360e+05   3.0261000e+03
   2.4944770e+05   3.1977000e+03
   2.4945190e+05   1.9451000e+03
   2.4945610e+05   2.0318000e+03
   2.4946030e+05   2.1395000e+03
   2.4946450e+05   2.2848000e+03
   2.4946870e+05   2.3330000e+03
   2.4947280e+05   2.3633000e+03
   2.4947700e+05   2.4762000e+03
   2.4948120e+05   2.4376000e+03
   2.4948540e+05   3.0050000e+03
   2.4948960e+05   2.4259000e+03
   2.4949380e+05   2.0329000e+03
   2.4949790e+05   2.6094000e+03
   2.4950210e+05   3.1642000e+03
   2.4950630e+05   2.6082000e+03
   2.4951050e+05   2.2701000e+03
   2.4951470e+05   2.1249000e+03
   2.4951890e+05   2.5004000e+03
   2.4952310e+05   2.7955000e+03
   2.4952720e+05   2.8698000e+03
   2.4953140e+05   2.6858000e+03
   2.4953560e+05   2.5694000e+03
   2.4953980e+05   2.9727000e+03
   2.4954400e+05   2.7393000e+03
   2.4954820e+05   2.7404000e+03
   2.4955230e+05   2.6297000e+03
   2.4955650e+05   2.5640000e+03
   2.4956070e+05   2.4282000e+03
   2.4956490e+05   2.8393000e+03
   2.4956910e+05   2.8969000e+03
   2.4957330e+05   2.6450000e+03
   2.4957740e+05   2.5455000e+03
   2.4958160e+05   2.4355000e+03
   2.4958580e+05   2.3728000e+03
   2.4959000e+05   2.5149000e+03
   2.4959420e+05   2.3384000e+03
   2.4959840e+05   2.5757000e+03
   2.4960260e+05   2.6256000e+03
   2.4960670e+05   2.5717000e+03
   2.4961090e+05   2.5078000e+03
   2.4961510e+05   2.3823000e+03
   2.4961930e+05   2.4114000e+03
   2.4962350e+05   2.2044000e+03
   2.4962770e+05   2.1490000e+03
   2.4963180e+05   2.3203000e+03
   2.4963600e+05   2.6127000e+03
   2.4964020e+05   2.5204000e+03
   2.4964440e+05   2.4281000e+03
   2.4964860e+05   2.4177000e+03
   2.4965280e+05   2.2921000e+03
   2.4965700e+05   2.3549000e+03
   2.4966110e+05   2.2566000e+03
   2.4966530e+05   2.6043000e+03
   2.4966950e+05   2.5624000e+03
   2.4967370e+05   2.5194000e+03
   2.4967790e+05   2.3789000e+03
   2.4968210e+05   2.3727000e+03
   2.4968620e+05   2.3171000e+03
   2.4969040e+05   2.2421000e+03
   2.4969460e+05   2.1531000e+03
   2.4969880e+05   2.4543000e+03
   2.4970300e+05   2.4793000e+03
   2.4970720e+05   2.4734000e+03
   2.4971130e+05   2.5255000e+03
   2.4971550e+05   2.2754000e+03
   2.4971970e+05   2.0695000e+03
   2.4972390e+05   2.1186000e+03
   2.4972710e+05   2.2043000e+03
   2.4973040e+05   2.2922000e+03
   2.4973360e+05   2.6156000e+03
   2.4973690e+05   2.6598000e+03
   2.4974010e+05   2.5097000e+03
   2.4974330e+05   2.6657000e+03
   2.4974660e+05   2.3958000e+03
   2.4974980e+05   2.9981000e+03
   2.4975310e+05   2.8741000e+03
   2.4975630e+05   2.4134000e+03
   2.4975950e+05   2.6275000e+03
   2.4976280e+05   2.8686000e+03
   2.4976600e+05   2.4972000e+03
   2.4976930e+05   2.2587000e+03
   2.4977250e+05   2.3611000e+03
   2.4977570e+05   2.3790000e+03
   2.4977900e+05   2.3917000e+03
   2.4978220e+05   2.3884000e+03
   2.4978550e+05   2.7653000e+03
   2.4978870e+05   3.0635000e+03
   2.4979190e+05   2.9335000e+03
   2.4979520e+05   2.4806000e+03
   2.4979840e+05   2.7193000e+03
   2.4980170e+05   3.0873000e+03
   2.4980330e+05   3.1822000e+03
   2.4980490e+05   2.8107000e+03
   2.4980650e+05   2.5820000e+03
   2.4980810e+05   2.5128000e+03
   2.4980980e+05   2.4804000e+03
   2.4981140e+05   2.3026000e+03
   2.4981300e+05   2.4481000e+03
   2.4981460e+05   2.5181000e+03
   2.4981620e+05   2.4128000e+03
   2.4981790e+05   2.6863000e+03
   2.4981950e+05   2.9996000e+03
   2.4982110e+05   2.8366000e+03
   2.4982270e+05   3.0029000e+03
   2.4982430e+05   2.9875000e+03
   2.4982600e+05   3.2463000e+03
   2.4982760e+05   3.1015000e+03
   2.4982920e+05   2.9720000e+03
   2.4983080e+05   3.0701000e+03
   2.4983240e+05   3.1070000e+03
   2.4983410e+05   3.1237000e+03
   2.4983570e+05   3.1878000e+03
   2.4983730e+05   3.6472000e+03
   2.4983890e+05   3.5929000e+03
   2.4984050e+05   3.4443000e+03
   2.4984220e+05   2.9944000e+03
   2.4984380e+05   3.0428000e+03
   2.4984540e+05   2.9118000e+03
   2.4984700e+05   2.9631000e+03
   2.4984860e+05   3.5876000e+03
   2.4985030e+05   3.4306000e+03
   2.4985190e+05   3.2421000e+03
   2.4985350e+05   3.2778000e+03
   2.4985510e+05   2.8817000e+03
   2.4985670e+05   2.8382000e+03
   2.4985840e+05   2.8006000e+03
   2.4986000e+05   3.7863000e+03
   2.4986160e+05   3.9698000e+03
   2.4986320e+05   4.4017000e+03
   2.4986480e+05   4.2271000e+03
   2.4986650e+05   4.1538000e+03
   2.4986810e+05   3.9193000e+03
   2.4986970e+05   3.9846000e+03
   2.4987130e+05   3.5992000e+03
   2.4987290e+05   3.5301000e+03
   2.4987460e+05   3.0620000e+03
   2.4987620e+05   2.9852000e+03
   2.4987780e+05   2.6735000e+03
   2.4987940e+05   2.5119000e+03
   2.4988100e+05   2.4211000e+03
   2.4988270e+05   2.4051000e+03
   2.4988430e+05   2.1500000e+03
   2.4988590e+05   2.1668000e+03
   2.4988750e+05   2.5738000e+03
   2.4988910e+05   2.7802000e+03
   2.4989080e+05   2.6859000e+03
   2.4989240e+05   2.4515000e+03
   2.4989400e+05   2.4335000e+03
   2.4989560e+05   2.3771000e+03
   2.4989720e+05   2.5162000e+03
   2.4989890e+05   2.7291000e+03
   2.4990050e+05   2.9105000e+03
   2.4990210e+05   2.8197000e+03
   2.4990370e+05   3.0526000e+03
   2.4990530e+05   2.8765000e+03
   2.4990700e+05   2.7924000e+03
   2.4990860e+05   2.8880000e+03
   2.4991020e+05   3.4035000e+03
   2.4991180e+05   3.2370000e+03
   2.4991340e+05   4.3549000e+03
   2.4991510e+05   4.1841000e+03
   2.4991670e+05   3.9298000e+03
   2.4991830e+05   3.8298000e+03
   2.4991990e+05   4.5911000e+03
   2.4992150e+05   4.2637000e+03
   2.4992320e+05   4.4443000e+03
   2.4992480e+05   4.4153000e+03
   2.4992640e+05   4.8816000e+03
   2.4992800e+05   5.1301000e+03
   2.4992960e+05   4.7599000e+03
   2.4993130e+05   4.9297000e+03
   2.4993290e+05   4.8944000e+03
   2.4993450e+05   4.7152000e+03
   2.4993610e+05   4.7477000e+03
   2.4993770e+05   4.3379000e+03
   2.4993940e+05   4.3430000e+03
   2.4994100e+05   4.0960000e+03
   2.4994260e+05   4.4537000e+03
   2.4994420e+05   4.6022000e+03
   2.4994580e+05   4.4677000e+03
   2.4994750e+05   4.4925000e+03
   2.4994910e+05   4.6686000e+03
   2.4995070e+05   4.6202000e+03
   2.4995230e+05   4.5269000e+03
   2.4995390e+05   4.3894000e+03
   2.4995560e+05   4.5487000e+03
   2.4995720e+05   4.7609000e+03
   2.4995880e+05   4.6605000e+03
   2.4996040e+05   4.5684000e+03
   2.4996200e+05   4.6413000e+03
   2.4996370e+05   4.4790000e+03
   2.4996530e+05   4.6783000e+03
   2.4996690e+05   4.7884000e+03
   2.4996850e+05   4.5874000e+03
   2.4997010e+05   4.1752000e+03
   2.4997180e+05   3.6946000e+03
   2.4997340e+05   3.6960000e+03
   2.4997500e+05   3.5426000e+03
   2.4997660e+05   3.5979000e+03
   2.4997820e+05   3.5556000e+03
   2.4997990e+05   3.6995000e+03
   2.4998150e+05   3.8163000e+03
   2.4998310e+05   4.2387000e+03
   2.4998470e+05   4.4118000e+03
   2.4998630e+05   4.5063000e+03
   2.4998800e+05   4.6285000e+03
   2.4998960e+05   4.8998000e+03
   2.4999120e+05   4.7751000e+03
   2.4999280e+05   4.5806000e+03
   2.4999440e+05   4.5272000e+03
   2.4999610e+05   4.5475000e+03
   2.4999770e+05   4.9601000e+03
   2.4999930e+05   5.0187000e+03
   2.5000090e+05   5.0910000e+03
   2.5000420e+05   5.0046000e+03
   2.5000580e+05   5.0565000e+03
   2.5000740e+05   4.6029000e+03
   2.5000900e+05   4.3703000e+03
   2.5001060e+05   4.2916000e+03
   2.5001230e+05   4.1887000e+03
   2.5001390e+05   4.3524000e+03
   2.5001550e+05   4.4170000e+03
   2.5001710e+05   4.3400000e+03
   2.5001870e+05   4.3911000e+03
   2.5002040e+05   4.2431000e+03
   2.5002200e+05   4.2765000e+03
   2.5002360e+05   3.7063000e+03
   2.5002520e+05   3.0900000e+03
   2.5002680e+05   3.0726000e+03
   2.5002850e+05   3.1578000e+03
   2.5003010e+05   3.4084000e+03
   2.5003170e+05   3.4286000e+03
   2.5003330e+05   3.7789000e+03
   2.5003490e+05   3.8075000e+03
   2.5003660e+05   4.0354000e+03
   2.5003820e+05   4.3384000e+03
   2.5003980e+05   4.5406000e+03
   2.5004140e+05   4.2588000e+03
   2.5004300e+05   4.3001000e+03
   2.5004470e+05   4.2125000e+03
   2.5004630e+05   4.1032000e+03
   2.5004790e+05   3.8186000e+03
   2.5004950e+05   3.8345000e+03
   2.5005110e+05   3.7983000e+03
   2.5005280e+05   3.4293000e+03
   2.5005440e+05   3.3497000e+03
   2.5005600e+05   3.7027000e+03
   2.5005760e+05   4.0558000e+03
   2.5005920e+05   4.3732000e+03
   2.5006090e+05   4.6996000e+03
   2.5006250e+05   4.9070000e+03
   2.5006410e+05   4.6739000e+03
   2.5006570e+05   4.6409000e+03
   2.5006730e+05   4.5837000e+03
   2.5006900e+05   4.4899000e+03
   2.5007060e+05   4.3630000e+03
   2.5007220e+05   4.4464000e+03
   2.5007380e+05   4.2937000e+03
   2.5007540e+05   4.1801000e+03
   2.5007710e+05   4.2998000e+03
   2.5007870e+05   4.4937000e+03
   2.5008030e+05   4.4829000e+03
   2.5008190e+05   4.2629000e+03
   2.5008350e+05   4.2271000e+03
   2.5008520e+05   4.3319000e+03
   2.5008680e+05   4.5604000e+03
   2.5008840e+05   4.7602000e+03
   2.5009000e+05   4.5147000e+03
   2.5009160e+05   4.6369000e+03
   2.5009330e+05   4.2369000e+03
   2.5009490e+05   4.2837000e+03
   2.5009650e+05   4.3690000e+03
   2.5009810e+05   4.6520000e+03
   2.5009970e+05   4.6539000e+03
   2.5010140e+05   4.3258000e+03
   2.5010300e+05   3.9090000e+03
   2.5010460e+05   3.9121000e+03
   2.5010620e+05   3.8927000e+03
   2.5010780e+05   3.8479000e+03
   2.5010950e+05   4.3976000e+03
   2.5011110e+05   4.5159000e+03
   2.5011270e+05   4.2186000e+03
   2.5011430e+05   3.9309000e+03
   2.5011590e+05   4.0376000e+03
   2.5011760e+05   4.0923000e+03
   2.5011920e+05   4.3090000e+03
   2.5012080e+05   4.4127000e+03
   2.5012240e+05   4.2197000e+03
   2.5012400e+05   3.3964000e+03
   2.5012730e+05   3.2298000e+03
   2.5012890e+05   2.6555000e+03
   2.5013110e+05   2.7841000e+03
   2.5013320e+05   2.8684000e+03
   2.5013540e+05   3.2287000e+03
   2.5013750e+05   3.7761000e+03
   2.5013970e+05   4.2156000e+03
   2.5014180e+05   4.5922000e+03
   2.5014400e+05   4.5721000e+03
   2.5014610e+05   4.7385000e+03
   2.5014830e+05   4.7316000e+03
   2.5015040e+05   4.7216000e+03
   2.5015260e+05   4.6491000e+03
   2.5015480e+05   4.6354000e+03
   2.5015690e+05   4.7964000e+03
   2.5015910e+05   5.0536000e+03
   2.5016120e+05   4.4429000e+03
   2.5016340e+05   3.6141000e+03
   2.5016550e+05   3.9456000e+03
   2.5016770e+05   4.1194000e+03
   2.5016980e+05   4.3084000e+03
   2.5017200e+05   4.4953000e+03
   2.5017410e+05   4.2810000e+03
   2.5017630e+05   4.3599000e+03
   2.5017840e+05   4.4184000e+03
   2.5018060e+05   4.2420000e+03
   2.5018280e+05   3.9313000e+03
   2.5018490e+05   3.7709000e+03
   2.5018710e+05   3.5438000e+03
   2.5018920e+05   3.6818000e+03
   2.5019140e+05   3.7425000e+03
   2.5019350e+05   3.6473000e+03
   2.5019570e+05   3.6065000e+03
   2.5019780e+05   3.6943000e+03
   2.5020000e+05   3.9393000e+03
   2.5020210e+05   4.0483000e+03
   2.5020430e+05   4.1445000e+03
   2.5020650e+05   4.3132000e+03
   2.5020860e+05   4.4103000e+03
   2.5021080e+05   4.3772000e+03
   2.5021290e+05   4.2534000e+03
   2.5021510e+05   4.4688000e+03
   2.5021720e+05   4.5786000e+03
   2.5021940e+05   4.1615000e+03
   2.5022150e+05   4.5900000e+03
   2.5022370e+05   4.3611000e+03
   2.5022580e+05   4.0039000e+03
   2.5022800e+05   3.9380000e+03
   2.5023010e+05   4.1640000e+03
   2.5023230e+05   4.2380000e+03
   2.5023450e+05   3.9842000e+03
   2.5023660e+05   4.2420000e+03
   2.5023880e+05   4.1687000e+03
   2.5024090e+05   4.3174000e+03
   2.5024310e+05   4.5384000e+03
   2.5024520e+05   4.7670000e+03
   2.5024740e+05   5.0105000e+03
   2.5024950e+05   4.4832000e+03
   2.5025170e+05   4.5257000e+03
   2.5025380e+05   4.2867000e+03
   2.5025600e+05   3.7992000e+03
   2.5025820e+05   3.4439000e+03
   2.5026030e+05   3.0163000e+03
   2.5026250e+05   2.9868000e+03
   2.5026460e+05   3.2967000e+03
   2.5026680e+05   3.4851000e+03
   2.5026890e+05   3.9534000e+03
   2.5027110e+05   4.4062000e+03
   2.5027320e+05   4.9623000e+03
   2.5027540e+05   5.3474000e+03
   2.5027750e+05   5.1998000e+03
   2.5027970e+05   5.0063000e+03
   2.5028190e+05   4.7882000e+03
   2.5028400e+05   4.2143000e+03
   2.5028620e+05   4.1366000e+03
   2.5028830e+05   4.2500000e+03
   2.5029050e+05   4.2584000e+03
   2.5029260e+05   3.7748000e+03
   2.5029480e+05   3.8438000e+03
   2.5029690e+05   3.8713000e+03
   2.5029910e+05   4.0348000e+03
   2.5030120e+05   4.2867000e+03
   2.5030340e+05   4.3513000e+03
   2.5030550e+05   4.6779000e+03
   2.5030770e+05   4.6177000e+03
   2.5030990e+05   4.5084000e+03
   2.5031200e+05   4.6159000e+03
   2.5031420e+05   4.7020000e+03
   2.5031630e+05   4.4138000e+03
   2.5031850e+05   3.8856000e+03
   2.5032060e+05   3.5590000e+03
   2.5032280e+05   3.2409000e+03
   2.5032490e+05   2.9575000e+03
   2.5032710e+05   3.0824000e+03
   2.5032920e+05   3.2192000e+03
   2.5033140e+05   3.3023000e+03
   2.5033400e+05   3.5681000e+03
   2.5033670e+05   4.0957000e+03
   2.5033930e+05   4.7030000e+03
   2.5034200e+05   4.5679000e+03
   2.5034460e+05   4.4447000e+03
   2.5034730e+05   4.7554000e+03
   2.5034990e+05   4.4754000e+03
   2.5035260e+05   4.1936000e+03
   2.5035520e+05   4.1981000e+03
   2.5035790e+05   3.9256000e+03
   2.5036050e+05   3.8277000e+03
   2.5036320e+05   3.6826000e+03
   2.5036580e+05   3.5625000e+03
   2.5036850e+05   3.5682000e+03
   2.5037110e+05   3.5097000e+03
   2.5037380e+05   3.6770000e+03
   2.5037640e+05   4.0855000e+03
   2.5037910e+05   4.4817000e+03
   2.5038170e+05   4.7480000e+03
   2.5038440e+05   4.9101000e+03
   2.5038700e+05   4.7972000e+03
   2.5038970e+05   4.8408000e+03
   2.5039230e+05   4.7062000e+03
   2.5039500e+05   4.3239000e+03
   2.5039760e+05   4.1517000e+03
   2.5040030e+05   4.4992000e+03
   2.5040290e+05   4.9291000e+03
   2.5040560e+05   4.7604000e+03
   2.5040820e+05   4.6437000e+03
   2.5041090e+05   4.2210000e+03
   2.5041350e+05   4.3780000e+03
   2.5041620e+05   4.1148000e+03
   2.5041880e+05   4.3422000e+03
   2.5042150e+05   4.4825000e+03
   2.5042410e+05   4.1854000e+03
   2.5042680e+05   4.1278000e+03
   2.5042940e+05   4.0160000e+03
   2.5043210e+05   4.1644000e+03
   2.5043470e+05   4.3090000e+03
   2.5043740e+05   4.5569000e+03
   2.5044000e+05   4.5374000e+03
   2.5044270e+05   4.5097000e+03
   2.5044530e+05   4.3207000e+03
   2.5044790e+05   4.1601000e+03
   2.5045060e+05   3.9790000e+03
   2.5045320e+05   3.5363000e+03
   2.5045590e+05   3.2014000e+03
   2.5045850e+05   3.2570000e+03
   2.5046120e+05   3.3354000e+03
   2.5046340e+05   3.3103000e+03
   2.5046540e+05   3.5333000e+03
   2.5046740e+05   3.6114000e+03
   2.5046930e+05   4.3737000e+03
   2.5047130e+05   4.6874000e+03
   2.5047330e+05   4.6905000e+03
   2.5047520e+05   4.9425000e+03
   2.5047720e+05   4.7330000e+03
   2.5047920e+05   4.5305000e+03
   2.5048120e+05   4.3356000e+03
   2.5048310e+05   4.0371000e+03
   2.5048510e+05   3.9959000e+03
   2.5048710e+05   3.4097000e+03
   2.5048900e+05   3.3476000e+03
   2.5049100e+05   2.9936000e+03
   2.5049300e+05   3.2820000e+03
   2.5049490e+05   3.5185000e+03
   2.5049690e+05   3.8764000e+03
   2.5049890e+05   3.8102000e+03
   2.5050090e+05   4.2962000e+03
   2.5050280e+05   4.3153000e+03
   2.5050480e+05   4.4996000e+03
   2.5050680e+05   4.8867000e+03
   2.5050870e+05   4.6976000e+03
   2.5051070e+05   4.7748000e+03
   2.5051270e+05   4.6539000e+03
   2.5051460e+05   4.6555000e+03
   2.5051660e+05   3.0667000e+03
   2.5051860e+05   2.9782000e+03
   2.5052060e+05   2.8058000e+03
   2.5052250e+05   2.9349000e+03
   2.5052450e+05   3.0896000e+03
   2.5052650e+05   3.2563000e+03
   2.5052840e+05   3.5067000e+03
   2.5053040e+05   3.7118000e+03
   2.5053240e+05   4.1292000e+03
   2.5053440e+05   4.0713000e+03
   2.5053670e+05   4.2270000e+03
   2.5053930e+05   4.0552000e+03
   2.5054180e+05   4.1223000e+03
   2.5054440e+05   4.1481000e+03
   2.5054690e+05   3.9434000e+03
   2.5054950e+05   3.9029000e+03
   2.5055210e+05   3.6260000e+03
   2.5055460e+05   3.5946000e+03
   2.5055720e+05   3.5045000e+03
   2.5055970e+05   3.4732000e+03
   2.5056230e+05   3.2714000e+03
   2.5056490e+05   3.3566000e+03
   2.5056740e+05   3.5032000e+03
   2.5057000e+05   3.6455000e+03
   2.5057260e+05   3.6595000e+03
   2.5057510e+05   3.6761000e+03
   2.5057770e+05   3.8018000e+03
   2.5058020e+05   3.9979000e+03
   2.5058280e+05   3.9670000e+03
   2.5058540e+05   4.0803000e+03
   2.5058790e+05   4.0935000e+03
   2.5059050e+05   4.1788000e+03
   2.5059300e+05   4.2202000e+03
   2.5059560e+05   4.0404000e+03
   2.5059820e+05   4.0780000e+03
   2.5060070e+05   4.1969000e+03
   2.5060330e+05   4.1357000e+03
   2.5060590e+05   4.2363000e+03
   2.5060840e+05   4.1484000e+03
   2.5061100e+05   4.3035000e+03
   2.5061350e+05   3.9559000e+03
   2.5061610e+05   4.1887000e+03
   2.5061870e+05   4.1068000e+03
   2.5062120e+05   4.0160000e+03
   2.5062380e+05   3.6783000e+03
   2.5062640e+05   3.4662000e+03
   2.5062890e+05   3.3490000e+03
   2.5063150e+05   3.5443000e+03
   2.5063400e+05   4.0140000e+03
   2.5063660e+05   4.1306000e+03
   2.5063920e+05   4.2943000e+03
   2.5064170e+05   4.2578000e+03
   2.5064430e+05   4.2741000e+03
   2.5064680e+05   3.9765000e+03
   2.5064940e+05   4.2196000e+03
   2.5065200e+05   3.9735000e+03
   2.5065450e+05   3.7822000e+03
   2.5065710e+05   3.7983000e+03
   2.5065970e+05   3.9538000e+03
   2.5066220e+05   3.9101000e+03
   2.5066480e+05   4.1217000e+03
   2.5066730e+05   4.0776000e+03
   2.5066990e+05   3.8544000e+03
   2.5067250e+05   3.9413000e+03
   2.5067500e+05   4.1310000e+03
   2.5067760e+05   3.8715000e+03
   2.5068020e+05   3.9464000e+03
   2.5068270e+05   3.6205000e+03
   2.5068530e+05   3.6748000e+03
   2.5068780e+05   3.6545000e+03
   2.5069040e+05   3.4418000e+03
   2.5069300e+05   3.3134000e+03
   2.5069550e+05   3.3372000e+03
   2.5069810e+05   3.3888000e+03
   2.5070060e+05   3.5590000e+03
   2.5070320e+05   3.5304000e+03
   2.5070580e+05   3.8352000e+03
   2.5070830e+05   3.7536000e+03
   2.5071090e+05   3.2905000e+03
   2.5071350e+05   3.4550000e+03
   2.5071600e+05   3.2658000e+03
   2.5071860e+05   3.0998000e+03
   2.5072110e+05   3.1593000e+03
   2.5072370e+05   3.2374000e+03
   2.5072630e+05   3.3162000e+03
   2.5072880e+05   3.4132000e+03
   2.5073140e+05   3.5018000e+03
   2.5073390e+05   3.4606000e+03
   2.5073650e+05   3.4104000e+03
   2.5073910e+05   3.2267000e+03
   2.5074160e+05   3.0485000e+03
   2.5074420e+05   2.7977000e+03
   2.5074680e+05   2.5304000e+03
   2.5074930e+05   2.5431000e+03
   2.5075190e+05   2.6130000e+03
   2.5075440e+05   2.8298000e+03
   2.5075700e+05   3.2184000e+03
   2.5075960e+05   3.2689000e+03
   2.5076210e+05   3.5234000e+03
   2.5076470e+05   3.5925000e+03
   2.5076730e+05   3.2749000e+03
   2.5076980e+05   2.9740000e+03
   2.5077240e+05   2.9684000e+03
   2.5077490e+05   2.8304000e+03
   2.5077750e+05   2.8781000e+03
   2.5078010e+05   2.8774000e+03
   2.5078260e+05   2.9498000e+03
   2.5078500e+05   2.9457000e+03
   2.5078740e+05   3.2345000e+03
   2.5078990e+05   3.3001000e+03
   2.5079230e+05   3.4620000e+03
   2.5079470e+05   3.7633000e+03
   2.5079720e+05   4.0142000e+03
   2.5079960e+05   4.1474000e+03
   2.5080200e+05   4.0243000e+03
   2.5080440e+05   3.8451000e+03
   2.5080690e+05   3.7236000e+03
   2.5080930e+05   3.7996000e+03
   2.5081170e+05   3.6602000e+03
   2.5081420e+05   3.7907000e+03
   2.5081660e+05   3.5743000e+03
   2.5081900e+05   3.1864000e+03
   2.5082150e+05   3.4670000e+03
   2.5082390e+05   3.5095000e+03
   2.5082630e+05   3.0632000e+03
   2.5082880e+05   3.2950000e+03
   2.5083120e+05   3.2682000e+03
   2.5083360e+05   2.7312000e+03
   2.5083600e+05   2.6873000e+03
   2.5083850e+05   2.8773000e+03
   2.5084090e+05   2.8287000e+03
   2.5084330e+05   2.7092000e+03
   2.5084580e+05   2.3912000e+03
   2.5084820e+05   2.5400000e+03
   2.5085060e+05   2.2190000e+03
   2.5085310e+05   2.2336000e+03
   2.5085480e+05   2.7328000e+03
   2.5085640e+05   2.3578000e+03
   2.5085800e+05   2.5160000e+03
   2.5085960e+05   2.5056000e+03
   2.5086110e+05   2.8512000e+03
   2.5086270e+05   2.6106000e+03
   2.5086430e+05   2.8817000e+03
   2.5086590e+05   2.9196000e+03
   2.5086740e+05   2.7960000e+03
   2.5086900e+05   2.7181000e+03
   2.5087060e+05   2.3900000e+03
   2.5087220e+05   2.2950000e+03
   2.5087380e+05   2.3990000e+03
   2.5087530e+05   2.2468000e+03
   2.5087690e+05   2.1890000e+03
   2.5087850e+05   2.2476000e+03
   2.5088010e+05   2.0371000e+03
   2.5088160e+05   2.0455000e+03
   2.5088320e+05   1.9396000e+03
   2.5088440e+05   1.9222000e+03
   2.5088570e+05   2.0078000e+03
   2.5088690e+05   1.9625000e+03
   2.5088810e+05   2.2581000e+03
   2.5088940e+05   2.2420000e+03
   2.5089060e+05   2.2399000e+03
   2.5089180e+05   2.4748000e+03
   2.5089310e+05   2.5179000e+03
   2.5089430e+05   3.0084000e+03
   2.5089560e+05   3.0354000e+03
   2.5089680e+05   2.9907000e+03
   2.5089800e+05   2.7127000e+03
   2.5089930e+05   2.5577000e+03
   2.5090050e+05   2.4582000e+03
   2.5090180e+05   2.2880000e+03
   2.5090300e+05   2.1955000e+03
   2.5090420e+05   2.0448000e+03
   2.5090550e+05   2.1459000e+03
   2.5090670e+05   2.1868000e+03
   2.5090800e+05   1.9424000e+03
   2.5090920e+05   1.8782000e+03
   2.5091040e+05   1.8385000e+03
   2.5091170e+05   1.8351000e+03
   2.5091290e+05   1.8350000e+03
   2.5091420e+05   1.9312000e+03
   2.5091550e+05   1.7967000e+03
   2.5091690e+05   1.7995000e+03
   2.5091830e+05   1.8177000e+03
   2.5091970e+05   1.8657000e+03
   2.5092110e+05   1.9452000e+03
   2.5092250e+05   1.9940000e+03
   2.5092380e+05   2.1827000e+03
   2.5092520e+05   2.1967000e+03
   2.5092660e+05   2.4692000e+03
   2.5092800e+05   2.4728000e+03
   2.5092940e+05   2.7510000e+03
   2.5093080e+05   3.4968000e+03
   2.5093220e+05   3.6559000e+03
   2.5093360e+05   3.5834000e+03
   2.5093500e+05   3.6190000e+03
   2.5093640e+05   3.5799000e+03
   2.5093780e+05   3.4781000e+03
   2.5093920e+05   3.1757000e+03
   2.5094060e+05   2.5791000e+03
   2.5094200e+05   2.5679000e+03
   2.5094330e+05   2.3626000e+03
   2.5094470e+05   2.1361000e+03
   2.5094610e+05   1.8169000e+03
   2.5094820e+05   1.8030000e+03
   2.5095120e+05   1.9055000e+03
   2.5095420e+05   1.8915000e+03
   2.5095720e+05   1.9333000e+03
   2.5096020e+05   1.8316000e+03
   2.5096320e+05   1.9438000e+03
   2.5096620e+05   1.9982000e+03
   2.5096920e+05   2.1667000e+03
   2.5097220e+05   2.0734000e+03
   2.5097520e+05   2.0901000e+03
   2.5097820e+05   2.2456000e+03
   2.5098130e+05   2.2338000e+03
   2.5098430e+05   2.1340000e+03
   2.5098730e+05   2.2762000e+03
   2.5099030e+05   2.0134000e+03
   2.5099330e+05   2.2100000e+03
   2.5099630e+05   2.2824000e+03
   2.5099930e+05   2.2212000e+03
   2.5100230e+05   2.1807000e+03
   2.5100530e+05   2.1918000e+03
   2.5100830e+05   2.3788000e+03
   2.5101130e+05   2.6951000e+03
   2.5101430e+05   2.3922000e+03
   2.5101730e+05   2.3864000e+03
   2.5102040e+05   1.9981000e+03
   2.5102340e+05   1.8511000e+03
   2.5102640e+05   2.0428000e+03
   2.5102940e+05   2.0503000e+03
   2.5103240e+05   1.9994000e+03
   2.5103540e+05   1.9012000e+03
   2.5103840e+05   2.0914000e+03
   2.5104140e+05   2.3110000e+03
   2.5104440e+05   2.3112000e+03
   2.5104740e+05   2.0211000e+03
   2.5105040e+05   1.8560000e+03
   2.5105340e+05   1.7877000e+03
   2.5105640e+05   1.7570000e+03
   2.5105930e+05   1.6713000e+03
   2.5106220e+05   1.7570000e+03
   2.5106500e+05   1.9166000e+03
   2.5106790e+05   1.9528000e+03
   2.5107080e+05   1.8887000e+03
   2.5107360e+05   1.9911000e+03
   2.5107650e+05   2.6045000e+03
   2.5107940e+05   2.6629000e+03
   2.5108220e+05   2.4100000e+03
   2.5108510e+05   2.6959000e+03
   2.5108790e+05   2.3216000e+03
   2.5109080e+05   2.1800000e+03
   2.5109370e+05   2.1994000e+03
   2.5109650e+05   2.1702000e+03
   2.5109940e+05   2.0253000e+03
   2.5110220e+05   2.0649000e+03
   2.5110510e+05   2.0455000e+03
   2.5110800e+05   2.2079000e+03
   2.5111080e+05   2.3097000e+03
   2.5111370e+05   2.4374000e+03
   2.5111650e+05   2.5672000e+03
   2.5111940e+05   2.3243000e+03
   2.5112230e+05   2.4277000e+03
   2.5112510e+05   2.0225000e+03
   2.5112800e+05   2.2309000e+03
   2.5113080e+05   2.4708000e+03
   2.5113370e+05   2.3384000e+03
   2.5113660e+05   2.1583000e+03
   2.5113940e+05   2.0852000e+03
   2.5114230e+05   1.8058000e+03
   2.5114770e+05   1.9521000e+03
   2.5115300e+05   2.0155000e+03
   2.5115840e+05   2.0935000e+03
   2.5116370e+05   2.0810000e+03
   2.5116910e+05   1.9646000e+03
   2.5117440e+05   2.1618000e+03
   2.5117980e+05   2.3521000e+03
   2.5118510e+05   2.5032500e+03
   2.5119040e+05   2.3662000e+03
   2.5119580e+05   2.2733000e+03
   2.5120110e+05   2.4408000e+03
   2.5120650e+05   2.5961000e+03
   2.5121180e+05   2.4135000e+03
   2.5121720e+05   2.2357000e+03
   2.5122250e+05   2.0698000e+03
   2.5122790e+05   1.9869000e+03
   2.5123320e+05   1.9173000e+03
   2.5123860e+05   1.9180000e+03
   2.5124390e+05   1.8901000e+03
   2.5124930e+05   1.9186000e+03
   2.5125460e+05   1.8824000e+03
   2.5125990e+05   1.7131000e+03
   2.5126530e+05   1.6964000e+03
   2.5127060e+05   1.5940000e+03
   2.5127600e+05   1.5255000e+03
   2.5128130e+05   1.5663000e+03
   2.5128670e+05   1.6499000e+03
   2.5129040e+05   1.5992000e+03
   2.5129340e+05   1.6160000e+03
   2.5129650e+05   1.5794000e+03
   2.5129950e+05   1.4999000e+03
   2.5130260e+05   1.5261000e+03
   2.5130560e+05   1.4900000e+03
   2.5130860e+05   1.6348000e+03
   2.5131170e+05   1.6504000e+03
   2.5131470e+05   1.7779000e+03
   2.5131780e+05   1.7403000e+03
   2.5132080e+05   1.8323000e+03
   2.5132390e+05   1.8182000e+03
   2.5132690e+05   1.9462000e+03
   2.5133000e+05   2.0418000e+03
   2.5133300e+05   2.1563000e+03
   2.5133600e+05   2.1557000e+03
   2.5133910e+05   2.1238000e+03
   2.5134210e+05   2.3261000e+03
   2.5134520e+05   2.2409000e+03
   2.5134820e+05   1.9524000e+03
   2.5135130e+05   1.7978000e+03
   2.5135430e+05   1.6802000e+03
   2.5135740e+05   1.7931000e+03
   2.5136040e+05   1.7952000e+03
   2.5136340e+05   1.8328000e+03
   2.5136650e+05   1.7659000e+03
   2.5136950e+05   1.7858000e+03
   2.5137260e+05   1.7434000e+03
   2.5137560e+05   1.7983000e+03
   2.5137870e+05   1.7205000e+03
   2.5138170e+05   1.8166000e+03
   2.5138480e+05   1.8594000e+03
   2.5138780e+05   1.9937000e+03
   2.5139080e+05   1.9117000e+03
   2.5139390e+05   2.0246000e+03
   2.5139690e+05   2.1631000e+03
   2.5140000e+05   2.1876000e+03
   2.5140300e+05   2.2278000e+03
   2.5140610e+05   2.2163000e+03
   2.5140910e+05   2.2116000e+03
   2.5141220e+05   1.9284000e+03
   2.5141520e+05   2.1202000e+03
   2.5141820e+05   1.7503000e+03
   2.5142130e+05   1.5804000e+03
   2.5142430e+05   1.5689000e+03
   2.5142740e+05   1.6207000e+03
   2.5143040e+05   1.6692000e+03
   2.5143350e+05   1.7325000e+03
   2.5143650e+05   1.6311000e+03
   2.5143960e+05   1.7137000e+03
   2.5144260e+05   1.6431000e+03
   2.5144570e+05   1.7205000e+03
   2.5144870e+05   1.6645000e+03
   2.5145170e+05   1.8025000e+03
   2.5145480e+05   1.9618000e+03
   2.5145780e+05   2.0408000e+03
   2.5146090e+05   1.7727000e+03
   2.5146390e+05   1.6718000e+03
   2.5146700e+05   1.5318000e+03
   2.5147000e+05   1.5773000e+03
   2.5147310e+05   1.5554000e+03
   2.5147610e+05   1.4733000e+03
   2.5147910e+05   1.5433000e+03
   2.5148220e+05   1.5830000e+03
   2.5148520e+05   1.5710000e+03
   2.5148830e+05   1.6567000e+03
   2.5149130e+05   1.7555000e+03
   2.5149440e+05   1.9388000e+03
   2.5149860e+05   1.9514000e+03
   2.5150320e+05   1.8678000e+03
   2.5150780e+05   1.8359000e+03
   2.5151240e+05   1.8312000e+03
   2.5151700e+05   1.9253000e+03
   2.5152150e+05   1.7481000e+03
   2.5152610e+05   1.8438000e+03
   2.5153070e+05   2.2487000e+03
   2.5153530e+05   2.0941000e+03
   2.5153990e+05   2.0799000e+03
   2.5154450e+05   2.1379000e+03
   2.5154900e+05   2.4145000e+03
   2.5155360e+05   2.6340000e+03
   2.5155820e+05   2.7824000e+03
   2.5156280e+05   3.0895000e+03
   2.5156740e+05   2.8921000e+03
   2.5157190e+05   2.8512000e+03
   2.5157650e+05   2.9526000e+03
   2.5158110e+05   2.6480000e+03
   2.5158570e+05   2.5171000e+03
   2.5159030e+05   2.4930000e+03
   2.5159490e+05   2.4292000e+03
   2.5159940e+05   2.3951000e+03
   2.5160400e+05   2.3848000e+03
   2.5160860e+05   2.4709000e+03
   2.5161320e+05   2.5826000e+03
   2.5161780e+05   2.7105000e+03
   2.5162240e+05   2.6791000e+03
   2.5162690e+05   2.8257000e+03
   2.5163150e+05   3.0261000e+03
   2.5163610e+05   2.9601000e+03
   2.5164070e+05   2.8753000e+03
   2.5164530e+05   3.3564000e+03
   2.5164980e+05   4.7955000e+03
   2.5165440e+05   4.4408000e+03
   2.5165900e+05   4.3471000e+03
   2.5166360e+05   4.7659000e+03
   2.5166820e+05   4.4510000e+03
   2.5167280e+05   4.2848000e+03
   2.5167730e+05   4.2568000e+03
   2.5168190e+05   4.2410000e+03
   2.5168650e+05   3.2825000e+03
   2.5169110e+05   3.4500000e+03
   2.5169570e+05   3.3835000e+03
   2.5170340e+05   3.6582000e+03
   2.5171320e+05   4.0504000e+03
   2.5172310e+05   4.4246000e+03
   2.5173290e+05   4.2773000e+03
   2.5174270e+05   4.1716000e+03
   2.5175250e+05   4.0109000e+03
   2.5176240e+05   3.8377000e+03
   2.5177220e+05   4.0267000e+03
   2.5178200e+05   3.7373000e+03
   2.5179190e+05   3.3386000e+03
   2.5180170e+05   3.1423000e+03
   2.5181150e+05   2.9490000e+03
   2.5182140e+05   3.0048000e+03
   2.5183120e+05   3.2733000e+03
   2.5184100e+05   3.5557000e+03
   2.5185080e+05   5.0023000e+03
   2.5186070e+05   4.3317000e+03
   2.5187050e+05   4.1899000e+03
   2.5188030e+05   3.2078000e+03
   2.5189020e+05   2.9696000e+03
   2.5190000e+05   4.0808000e+03
   2.5192260e+05   4.1034000e+03
   2.5194520e+05   5.5521000e+03
   2.5196780e+05   6.5359000e+03
   2.5199050e+05   6.8212000e+03
   2.5201310e+05   7.3560000e+03
   2.5203570e+05   9.5760000e+03
   2.5205830e+05   8.9223000e+03
   2.5208090e+05   8.2409000e+03
   2.5210350e+05   8.4732000e+03
   2.5212620e+05   8.4568000e+03
   2.5214880e+05   8.3273000e+03
   2.5217140e+05   7.8688000e+03
   2.5219400e+05   7.4238000e+03
   2.5221660e+05   7.5311000e+03
   2.5223920e+05   6.9457000e+03
   2.5226190e+05   6.6039000e+03
   2.5228450e+05   6.3465000e+03
   2.5230740e+05   6.1896000e+03
   2.5233280e+05   6.1839000e+03
   2.5235830e+05   6.1638000e+03
   2.5238380e+05   6.7226000e+03
   2.5240930e+05   6.6869000e+03
   2.5243480e+05   7.2266000e+03
   2.5246030e+05   6.0416000e+03
   2.5248580e+05   6.9115000e+03
   2.5251120e+05   6.4883000e+03
   2.5253670e+05   7.0424000e+03
   2.5256220e+05   6.8650000e+03
   2.5258770e+05   6.9953000e+03
   2.5261320e+05   6.8829000e+03
   2.5263870e+05   6.7969000e+03
   2.5266420e+05   6.4083000e+03
   2.5268960e+05   6.1061000e+03
   2.5271490e+05   5.9027000e+03
   2.5273900e+05   5.9498000e+03
   2.5276310e+05   6.4656000e+03
   2.5278720e+05   6.2513000e+03
   2.5281130e+05   6.2752000e+03
   2.5283540e+05   6.5537000e+03
   2.5285950e+05   6.5493000e+03
   2.5288360e+05   6.2434000e+03
   2.5290770e+05   6.8173000e+03
   2.5293180e+05   7.1613000e+03
   2.5295590e+05   7.0862000e+03
   2.5298000e+05   6.4913000e+03
   2.5300410e+05   6.2391000e+03
   2.5302820e+05   5.5817000e+03
   2.5305230e+05   5.2510000e+03
   2.5307640e+05   5.2633000e+03
   2.5310050e+05   5.2521000e+03
   2.5312110e+05   5.4574000e+03
   2.5313650e+05   5.2500000e+03
   2.5315180e+05   5.5257000e+03
   2.5316720e+05   6.3083000e+03
   2.5318250e+05   6.1845000e+03
   2.5319780e+05   7.2347000e+03
   2.5321320e+05   7.4711000e+03
   2.5322850e+05   7.2251000e+03
   2.5324390e+05   8.3747000e+03
   2.5325920e+05   9.3788000e+03
   2.5327450e+05   1.0864300e+04
   2.5328990e+05   9.0992000e+03
   2.5330520e+05   8.6218000e+03
   2.5332060e+05   7.1551000e+03
   2.5333590e+05   5.8407000e+03
   2.5335130e+05   4.9939000e+03
   2.5336660e+05   4.8610000e+03
   2.5338190e+05   4.8594000e+03
   2.5341260e+05   4.5094000e+03
   2.5344330e+05   3.9840000e+03
   2.5347400e+05   4.2557000e+03
   2.5350470e+05   4.4728000e+03
